timestamp_unix,sm_clock_mhz,video_clock_mhz,sm_active_pct,dram_active_pct,gpu_temp_c,power_draw_w,throttle_active_mask,throttle_sw_power_cap,throttle_hw_thermal,throttle_gpu_idle,pcie_gen,pcie_width,pcie_gen_max,pcie_width_max,gpu_mem_total_bytes,gpu_mem_used_bytes,gpu_mem_free_bytes
1784632042.2112,208,598,0,0,51,5.00,0x0000000000000004,Active,Not Active,Not Active,1,1,5,16,[N/A],[N/A],[N/A]
1784632042.3125,208,598,0,0,51,5.00,0x0000000000000004,Active,Not Active,Not Active,1,1,5,16,[N/A],[N/A],[N/A]
1784632042.4133,208,598,0,0,51,5.00,0x0000000000000004,Active,Not Active,Not Active,1,1,5,16,[N/A],[N/A],[N/A]
1784632042.5144,208,598,0,0,51,5.00,0x0000000000000004,Active,Not Active,Not Active,1,1,5,16,[N/A],[N/A],[N/A]
1784632042.6155,208,598,0,0,51,5.02,0x0000000000000000,Not Active,Not Active,Not Active,1,1,5,16,[N/A],[N/A],[N/A]
1784632042.7157,208,598,0,0,51,5.02,0x0000000000000000,Not Active,Not Active,Not Active,1,1,5,16,[N/A],[N/A],[N/A]
1784632042.816,208,598,0,0,51,5.02,0x0000000000000000,Not Active,Not Active,Not Active,1,1,5,16,[N/A],[N/A],[N/A]
1784632042.9163,208,598,0,0,51,5.02,0x0000000000000000,Not Active,Not Active,Not Active,1,1,5,16,[N/A],[N/A],[N/A]
1784632043.0168,208,598,0,0,51,5.02,0x0000000000000000,Not Active,Not Active,Not Active,1,1,5,16,[N/A],[N/A],[N/A]
1784632043.1173,214,598,96,0,52,5.84,0x0000000000000000,Not Active,Not Active,Not Active,1,1,5,16,[N/A],[N/A],[N/A]
1784632043.2176,214,598,96,0,52,5.84,0x0000000000000000,Not Active,Not Active,Not Active,1,1,5,16,[N/A],[N/A],[N/A]
1784632043.3179,214,598,96,0,52,5.84,0x0000000000000000,Not Active,Not Active,Not Active,1,1,5,16,[N/A],[N/A],[N/A]
1784632043.4182,214,598,96,0,52,5.84,0x0000000000000000,Not Active,Not Active,Not Active,1,1,5,16,[N/A],[N/A],[N/A]
1784632043.5184,214,598,96,0,52,5.84,0x0000000000000000,Not Active,Not Active,Not Active,1,1,5,16,[N/A],[N/A],[N/A]
1784632043.6189,2444,2138,96,0,67,35.52,0x0000000000000000,Not Active,Not Active,Not Active,1,1,5,16,[N/A],[N/A],[N/A]
1784632043.7194,2444,2138,96,0,67,35.52,0x0000000000000000,Not Active,Not Active,Not Active,1,1,5,16,[N/A],[N/A],[N/A]
1784632043.8196,2444,2138,96,0,67,35.52,0x0000000000000000,Not Active,Not Active,Not Active,1,1,5,16,[N/A],[N/A],[N/A]
1784632043.9198,2444,2138,96,0,67,35.52,0x0000000000000000,Not Active,Not Active,Not Active,1,1,5,16,[N/A],[N/A],[N/A]
1784632044.0201,2444,2138,96,0,67,35.52,0x0000000000000000,Not Active,Not Active,Not Active,1,1,5,16,[N/A],[N/A],[N/A]
1784632044.1204,2431,2132,96,0,70,80.25,0x0000000000000000,Not Active,Not Active,Not Active,1,1,5,16,[N/A],[N/A],[N/A]
1784632044.2207,2431,2132,96,0,70,80.25,0x0000000000000000,Not Active,Not Active,Not Active,1,1,5,16,[N/A],[N/A],[N/A]
1784632044.3211,2431,2132,96,0,70,80.25,0x0000000000000000,Not Active,Not Active,Not Active,1,1,5,16,[N/A],[N/A],[N/A]
1784632044.4215,2431,2132,96,0,70,80.25,0x0000000000000000,Not Active,Not Active,Not Active,1,1,5,16,[N/A],[N/A],[N/A]
1784632044.5218,2431,2132,96,0,70,80.25,0x0000000000000000,Not Active,Not Active,Not Active,1,1,5,16,[N/A],[N/A],[N/A]
1784632044.622,2424,2119,96,0,70,96.31,0x0000000000000000,Not Active,Not Active,Not Active,1,1,5,16,[N/A],[N/A],[N/A]
1784632044.7223,2424,2119,96,0,70,96.31,0x0000000000000000,Not Active,Not Active,Not Active,1,1,5,16,[N/A],[N/A],[N/A]
1784632044.8225,2424,2119,96,0,70,96.31,0x0000000000000000,Not Active,Not Active,Not Active,1,1,5,16,[N/A],[N/A],[N/A]
1784632044.9229,2424,2119,96,0,70,96.31,0x0000000000000000,Not Active,Not Active,Not Active,1,1,5,16,[N/A],[N/A],[N/A]
1784632045.0234,2424,2119,96,0,70,96.31,0x0000000000000000,Not Active,Not Active,Not Active,1,1,5,16,[N/A],[N/A],[N/A]
1784632045.124,2424,2125,96,0,71,98.88,0x0000000000000000,Not Active,Not Active,Not Active,1,1,5,16,[N/A],[N/A],[N/A]
1784632045.2243,2424,2125,96,0,71,98.88,0x0000000000000000,Not Active,Not Active,Not Active,1,1,5,16,[N/A],[N/A],[N/A]
1784632045.3246,2424,2125,96,0,71,98.88,0x0000000000000000,Not Active,Not Active,Not Active,1,1,5,16,[N/A],[N/A],[N/A]
1784632045.4248,2424,2125,96,0,71,98.88,0x0000000000000000,Not Active,Not Active,Not Active,1,1,5,16,[N/A],[N/A],[N/A]
1784632045.525,2424,2125,96,0,71,98.88,0x0000000000000000,Not Active,Not Active,Not Active,1,1,5,16,[N/A],[N/A],[N/A]
1784632045.6253,2424,2125,96,0,72,99.45,0x0000000000000004,Active,Not Active,Not Active,1,1,5,16,[N/A],[N/A],[N/A]
1784632045.7259,2424,2125,96,0,72,99.45,0x0000000000000004,Active,Not Active,Not Active,1,1,5,16,[N/A],[N/A],[N/A]
1784632045.8263,2424,2125,96,0,72,99.45,0x0000000000000004,Active,Not Active,Not Active,1,1,5,16,[N/A],[N/A],[N/A]
1784632045.9265,2424,2125,96,0,72,99.45,0x0000000000000004,Active,Not Active,Not Active,1,1,5,16,[N/A],[N/A],[N/A]
1784632046.0268,2424,2125,96,0,72,99.45,0x0000000000000004,Active,Not Active,Not Active,1,1,5,16,[N/A],[N/A],[N/A]
1784632046.1271,2424,2125,96,0,68,98.65,0x0000000000000000,Not Active,Not Active,Not Active,1,1,5,16,[N/A],[N/A],[N/A]
1784632046.2274,2424,2125,96,0,68,98.65,0x0000000000000000,Not Active,Not Active,Not Active,1,1,5,16,[N/A],[N/A],[N/A]
1784632046.3276,2424,2125,96,0,68,98.65,0x0000000000000000,Not Active,Not Active,Not Active,1,1,5,16,[N/A],[N/A],[N/A]
1784632046.4278,2424,2125,96,0,68,98.65,0x0000000000000000,Not Active,Not Active,Not Active,1,1,5,16,[N/A],[N/A],[N/A]
1784632046.5284,2424,2125,96,0,68,98.65,0x0000000000000000,Not Active,Not Active,Not Active,1,1,5,16,[N/A],[N/A],[N/A]
1784632046.6286,2431,2125,96,0,70,98.60,0x0000000000000000,Not Active,Not Active,Not Active,1,1,5,16,[N/A],[N/A],[N/A]
1784632046.7289,2431,2125,96,0,70,98.60,0x0000000000000000,Not Active,Not Active,Not Active,1,1,5,16,[N/A],[N/A],[N/A]
1784632046.8291,2431,2125,96,0,70,98.60,0x0000000000000000,Not Active,Not Active,Not Active,1,1,5,16,[N/A],[N/A],[N/A]
1784632046.9293,2431,2125,96,0,70,98.60,0x0000000000000000,Not Active,Not Active,Not Active,1,1,5,16,[N/A],[N/A],[N/A]
1784632047.0297,2431,2125,96,0,70,98.60,0x0000000000000000,Not Active,Not Active,Not Active,1,1,5,16,[N/A],[N/A],[N/A]
1784632047.1303,2424,2125,96,0,71,99.07,0x0000000000000000,Not Active,Not Active,Not Active,1,1,5,16,[N/A],[N/A],[N/A]
1784632047.2311,2424,2125,96,0,71,99.07,0x0000000000000000,Not Active,Not Active,Not Active,1,1,5,16,[N/A],[N/A],[N/A]
1784632047.3311,2424,2125,96,0,71,99.07,0x0000000000000000,Not Active,Not Active,Not Active,1,1,5,16,[N/A],[N/A],[N/A]
1784632047.4314,2424,2125,96,0,71,99.07,0x0000000000000000,Not Active,Not Active,Not Active,1,1,5,16,[N/A],[N/A],[N/A]
1784632047.5317,2424,2125,96,0,71,99.07,0x0000000000000000,Not Active,Not Active,Not Active,1,1,5,16,[N/A],[N/A],[N/A]
1784632047.632,2424,2125,96,0,68,98.70,0x0000000000000000,Not Active,Not Active,Not Active,1,1,5,16,[N/A],[N/A],[N/A]
1784632047.7326,2424,2125,96,0,68,98.70,0x0000000000000000,Not Active,Not Active,Not Active,1,1,5,16,[N/A],[N/A],[N/A]
1784632047.8338,2424,2125,96,0,68,98.70,0x0000000000000000,Not Active,Not Active,Not Active,1,1,5,16,[N/A],[N/A],[N/A]
1784632047.9346,2424,2125,96,0,68,98.70,0x0000000000000000,Not Active,Not Active,Not Active,1,1,5,16,[N/A],[N/A],[N/A]
1784632048.0348,2424,2125,96,0,68,98.70,0x0000000000000000,Not Active,Not Active,Not Active,1,1,5,16,[N/A],[N/A],[N/A]
1784632048.1351,2431,2125,96,0,72,98.21,0x0000000000000004,Active,Not Active,Not Active,1,1,5,16,[N/A],[N/A],[N/A]
1784632048.2354,2431,2125,96,0,72,98.21,0x0000000000000004,Active,Not Active,Not Active,1,1,5,16,[N/A],[N/A],[N/A]
1784632048.3356,2431,2125,96,0,72,98.21,0x0000000000000004,Active,Not Active,Not Active,1,1,5,16,[N/A],[N/A],[N/A]
1784632048.4361,2431,2125,96,0,72,98.21,0x0000000000000004,Active,Not Active,Not Active,1,1,5,16,[N/A],[N/A],[N/A]
1784632048.5364,2431,2125,96,0,72,98.21,0x0000000000000004,Active,Not Active,Not Active,1,1,5,16,[N/A],[N/A],[N/A]
1784632048.6367,2424,2125,96,0,72,98.64,0x0000000000000004,Active,Not Active,Not Active,1,1,5,16,[N/A],[N/A],[N/A]
1784632048.7369,2424,2125,96,0,72,98.64,0x0000000000000004,Active,Not Active,Not Active,1,1,5,16,[N/A],[N/A],[N/A]
1784632048.8372,2424,2125,96,0,72,98.64,0x0000000000000004,Active,Not Active,Not Active,1,1,5,16,[N/A],[N/A],[N/A]
1784632048.9375,2424,2125,96,0,72,98.64,0x0000000000000004,Active,Not Active,Not Active,1,1,5,16,[N/A],[N/A],[N/A]
1784632049.0378,2424,2125,96,0,72,98.64,0x0000000000000004,Active,Not Active,Not Active,1,1,5,16,[N/A],[N/A],[N/A]
1784632049.138,2424,2119,96,0,69,98.61,0x0000000000000004,Active,Not Active,Not Active,1,1,5,16,[N/A],[N/A],[N/A]
1784632049.2386,2424,2119,96,0,69,98.61,0x0000000000000004,Active,Not Active,Not Active,1,1,5,16,[N/A],[N/A],[N/A]
1784632049.339,2424,2119,96,0,69,98.61,0x0000000000000004,Active,Not Active,Not Active,1,1,5,16,[N/A],[N/A],[N/A]
1784632049.4392,2424,2119,96,0,69,98.61,0x0000000000000004,Active,Not Active,Not Active,1,1,5,16,[N/A],[N/A],[N/A]
1784632049.5395,2424,2119,96,0,69,98.61,0x0000000000000004,Active,Not Active,Not Active,1,1,5,16,[N/A],[N/A],[N/A]
1784632049.6397,2424,2119,96,0,71,98.14,0x0000000000000000,Not Active,Not Active,Not Active,1,1,5,16,[N/A],[N/A],[N/A]
1784632049.7399,2424,2119,96,0,71,98.14,0x0000000000000000,Not Active,Not Active,Not Active,1,1,5,16,[N/A],[N/A],[N/A]
1784632049.8405,2424,2119,96,0,71,98.14,0x0000000000000000,Not Active,Not Active,Not Active,1,1,5,16,[N/A],[N/A],[N/A]
1784632049.9411,2424,2119,96,0,71,98.14,0x0000000000000000,Not Active,Not Active,Not Active,1,1,5,16,[N/A],[N/A],[N/A]
1784632050.0413,2424,2119,96,0,71,98.14,0x0000000000000000,Not Active,Not Active,Not Active,1,1,5,16,[N/A],[N/A],[N/A]
1784632050.1415,2424,2119,96,0,72,98.79,0x0000000000000000,Not Active,Not Active,Not Active,1,1,5,16,[N/A],[N/A],[N/A]
1784632050.2418,2424,2119,96,0,72,98.79,0x0000000000000000,Not Active,Not Active,Not Active,1,1,5,16,[N/A],[N/A],[N/A]
1784632050.3421,2424,2119,96,0,72,98.79,0x0000000000000000,Not Active,Not Active,Not Active,1,1,5,16,[N/A],[N/A],[N/A]
1784632050.4426,2424,2119,96,0,72,98.79,0x0000000000000000,Not Active,Not Active,Not Active,1,1,5,16,[N/A],[N/A],[N/A]
1784632050.5435,2424,2119,96,0,72,98.79,0x0000000000000000,Not Active,Not Active,Not Active,1,1,5,16,[N/A],[N/A],[N/A]
1784632050.6437,2424,2119,96,0,67,98.74,0x0000000000000004,Active,Not Active,Not Active,1,1,5,16,[N/A],[N/A],[N/A]
1784632050.744,2424,2119,96,0,67,98.74,0x0000000000000004,Active,Not Active,Not Active,1,1,5,16,[N/A],[N/A],[N/A]
1784632050.8443,2424,2119,96,0,67,98.74,0x0000000000000004,Active,Not Active,Not Active,1,1,5,16,[N/A],[N/A],[N/A]
1784632050.9446,2424,2119,96,0,67,98.74,0x0000000000000004,Active,Not Active,Not Active,1,1,5,16,[N/A],[N/A],[N/A]
1784632051.0449,2424,2119,96,0,67,98.74,0x0000000000000004,Active,Not Active,Not Active,1,1,5,16,[N/A],[N/A],[N/A]
1784632051.1451,2424,2119,96,0,70,98.06,0x0000000000000000,Not Active,Not Active,Not Active,1,1,5,16,[N/A],[N/A],[N/A]
1784632051.2454,2424,2119,96,0,70,98.06,0x0000000000000000,Not Active,Not Active,Not Active,1,1,5,16,[N/A],[N/A],[N/A]
1784632051.3457,2424,2119,96,0,70,98.06,0x0000000000000000,Not Active,Not Active,Not Active,1,1,5,16,[N/A],[N/A],[N/A]
1784632051.4459,2424,2119,96,0,70,98.06,0x0000000000000000,Not Active,Not Active,Not Active,1,1,5,16,[N/A],[N/A],[N/A]
1784632051.5462,2424,2119,96,0,70,98.06,0x0000000000000000,Not Active,Not Active,Not Active,1,1,5,16,[N/A],[N/A],[N/A]
1784632051.6464,2424,2119,96,0,72,98.47,0x0000000000000000,Not Active,Not Active,Not Active,1,1,5,16,[N/A],[N/A],[N/A]
1784632051.7467,2424,2119,96,0,72,98.47,0x0000000000000000,Not Active,Not Active,Not Active,1,1,5,16,[N/A],[N/A],[N/A]
1784632051.8474,2424,2119,96,0,72,98.47,0x0000000000000000,Not Active,Not Active,Not Active,1,1,5,16,[N/A],[N/A],[N/A]
1784632051.9477,2424,2119,96,0,72,98.47,0x0000000000000000,Not Active,Not Active,Not Active,1,1,5,16,[N/A],[N/A],[N/A]
1784632052.048,2424,2119,96,0,72,98.47,0x0000000000000000,Not Active,Not Active,Not Active,1,1,5,16,[N/A],[N/A],[N/A]
1784632052.1481,2424,2119,96,0,72,98.72,0x0000000000000000,Not Active,Not Active,Not Active,1,1,5,16,[N/A],[N/A],[N/A]
1784632052.2484,2424,2119,96,0,72,98.72,0x0000000000000000,Not Active,Not Active,Not Active,1,1,5,16,[N/A],[N/A],[N/A]
1784632052.3487,2424,2119,96,0,72,98.72,0x0000000000000000,Not Active,Not Active,Not Active,1,1,5,16,[N/A],[N/A],[N/A]
1784632052.4489,2424,2119,96,0,72,98.72,0x0000000000000000,Not Active,Not Active,Not Active,1,1,5,16,[N/A],[N/A],[N/A]
1784632052.5492,2424,2119,96,0,72,98.72,0x0000000000000000,Not Active,Not Active,Not Active,1,1,5,16,[N/A],[N/A],[N/A]
1784632052.6554,2431,2125,72,0,62,94.22,0x0000000000000000,Not Active,Not Active,Not Active,1,1,5,16,[N/A],[N/A],[N/A]
1784632052.7566,2431,2125,72,0,62,94.22,0x0000000000000000,Not Active,Not Active,Not Active,1,1,5,16,[N/A],[N/A],[N/A]
1784632052.8569,2431,2125,72,0,62,94.22,0x0000000000000000,Not Active,Not Active,Not Active,1,1,5,16,[N/A],[N/A],[N/A]
1784632052.9572,2431,2125,72,0,62,94.22,0x0000000000000000,Not Active,Not Active,Not Active,1,1,5,16,[N/A],[N/A],[N/A]
1784632053.0575,2431,2125,72,0,62,94.22,0x0000000000000000,Not Active,Not Active,Not Active,1,1,5,16,[N/A],[N/A],[N/A]
1784632053.1577,2424,2119,96,0,72,85.22,0x0000000000000000,Not Active,Not Active,Not Active,1,1,5,16,[N/A],[N/A],[N/A]
1784632053.2584,2424,2119,96,0,72,85.22,0x0000000000000000,Not Active,Not Active,Not Active,1,1,5,16,[N/A],[N/A],[N/A]
1784632053.3588,2424,2119,96,0,72,85.22,0x0000000000000000,Not Active,Not Active,Not Active,1,1,5,16,[N/A],[N/A],[N/A]
1784632053.459,2424,2119,96,0,72,85.22,0x0000000000000000,Not Active,Not Active,Not Active,1,1,5,16,[N/A],[N/A],[N/A]
1784632053.5593,2424,2119,96,0,72,85.22,0x0000000000000000,Not Active,Not Active,Not Active,1,1,5,16,[N/A],[N/A],[N/A]
1784632053.6595,2418,2112,96,0,73,89.58,0x0000000000000000,Not Active,Not Active,Not Active,1,1,5,16,[N/A],[N/A],[N/A]
1784632053.7597,2418,2112,96,0,73,89.58,0x0000000000000000,Not Active,Not Active,Not Active,1,1,5,16,[N/A],[N/A],[N/A]
1784632053.8601,2418,2112,96,0,73,89.58,0x0000000000000000,Not Active,Not Active,Not Active,1,1,5,16,[N/A],[N/A],[N/A]
1784632053.9603,2418,2112,96,0,73,89.58,0x0000000000000000,Not Active,Not Active,Not Active,1,1,5,16,[N/A],[N/A],[N/A]
1784632054.0606,2418,2112,96,0,73,89.58,0x0000000000000000,Not Active,Not Active,Not Active,1,1,5,16,[N/A],[N/A],[N/A]
1784632054.1609,2411,2106,96,0,68,98.15,0x0000000000000000,Not Active,Not Active,Not Active,1,1,5,16,[N/A],[N/A],[N/A]
1784632054.2612,2411,2106,96,0,68,98.15,0x0000000000000000,Not Active,Not Active,Not Active,1,1,5,16,[N/A],[N/A],[N/A]
1784632054.3615,2411,2106,96,0,68,98.15,0x0000000000000000,Not Active,Not Active,Not Active,1,1,5,16,[N/A],[N/A],[N/A]
1784632054.4618,2411,2106,96,0,68,98.15,0x0000000000000000,Not Active,Not Active,Not Active,1,1,5,16,[N/A],[N/A],[N/A]
1784632054.5623,2411,2106,96,0,68,98.15,0x0000000000000000,Not Active,Not Active,Not Active,1,1,5,16,[N/A],[N/A],[N/A]
1784632054.6626,2418,2112,96,0,72,97.88,0x0000000000000000,Not Active,Not Active,Not Active,1,1,5,16,[N/A],[N/A],[N/A]
1784632054.7628,2418,2112,96,0,72,97.88,0x0000000000000000,Not Active,Not Active,Not Active,1,1,5,16,[N/A],[N/A],[N/A]
1784632054.8631,2418,2112,96,0,72,97.88,0x0000000000000000,Not Active,Not Active,Not Active,1,1,5,16,[N/A],[N/A],[N/A]
1784632054.9634,2418,2112,96,0,72,97.88,0x0000000000000000,Not Active,Not Active,Not Active,1,1,5,16,[N/A],[N/A],[N/A]
1784632055.0636,2418,2112,96,0,72,97.88,0x0000000000000000,Not Active,Not Active,Not Active,1,1,5,16,[N/A],[N/A],[N/A]
1784632055.1646,2411,2112,96,0,75,98.22,0x0000000000000000,Not Active,Not Active,Not Active,1,1,5,16,[N/A],[N/A],[N/A]
1784632055.2651,2411,2112,96,0,75,98.22,0x0000000000000000,Not Active,Not Active,Not Active,1,1,5,16,[N/A],[N/A],[N/A]
1784632055.3654,2411,2112,96,0,75,98.22,0x0000000000000000,Not Active,Not Active,Not Active,1,1,5,16,[N/A],[N/A],[N/A]
1784632055.4659,2411,2112,96,0,75,98.22,0x0000000000000000,Not Active,Not Active,Not Active,1,1,5,16,[N/A],[N/A],[N/A]
1784632055.5667,2411,2112,96,0,75,98.22,0x0000000000000000,Not Active,Not Active,Not Active,1,1,5,16,[N/A],[N/A],[N/A]
1784632055.667,2411,2106,96,0,71,98.49,0x0000000000000000,Not Active,Not Active,Not Active,1,1,5,16,[N/A],[N/A],[N/A]
1784632055.7672,2411,2106,96,0,71,98.49,0x0000000000000000,Not Active,Not Active,Not Active,1,1,5,16,[N/A],[N/A],[N/A]
1784632055.8678,2411,2106,96,0,71,98.49,0x0000000000000000,Not Active,Not Active,Not Active,1,1,5,16,[N/A],[N/A],[N/A]
1784632055.9683,2411,2106,96,0,71,98.49,0x0000000000000000,Not Active,Not Active,Not Active,1,1,5,16,[N/A],[N/A],[N/A]
1784632056.0688,2411,2106,96,0,71,98.49,0x0000000000000000,Not Active,Not Active,Not Active,1,1,5,16,[N/A],[N/A],[N/A]
1784632056.1691,2411,2112,96,0,75,97.75,0x0000000000000000,Not Active,Not Active,Not Active,1,1,5,16,[N/A],[N/A],[N/A]
1784632056.2693,2411,2112,96,0,75,97.75,0x0000000000000000,Not Active,Not Active,Not Active,1,1,5,16,[N/A],[N/A],[N/A]
1784632056.3696,2411,2112,96,0,75,97.75,0x0000000000000000,Not Active,Not Active,Not Active,1,1,5,16,[N/A],[N/A],[N/A]
1784632056.4698,2411,2112,96,0,75,97.75,0x0000000000000000,Not Active,Not Active,Not Active,1,1,5,16,[N/A],[N/A],[N/A]
1784632056.5701,2411,2112,96,0,75,97.75,0x0000000000000000,Not Active,Not Active,Not Active,1,1,5,16,[N/A],[N/A],[N/A]
1784632056.6706,2411,2106,96,0,76,98.24,0x0000000000000004,Active,Not Active,Not Active,1,1,5,16,[N/A],[N/A],[N/A]
1784632056.7712,2411,2106,96,0,76,98.24,0x0000000000000004,Active,Not Active,Not Active,1,1,5,16,[N/A],[N/A],[N/A]
1784632056.8714,2411,2106,96,0,76,98.24,0x0000000000000004,Active,Not Active,Not Active,1,1,5,16,[N/A],[N/A],[N/A]
1784632056.9717,2411,2106,96,0,76,98.24,0x0000000000000004,Active,Not Active,Not Active,1,1,5,16,[N/A],[N/A],[N/A]
1784632057.0718,2411,2106,96,0,76,98.24,0x0000000000000004,Active,Not Active,Not Active,1,1,5,16,[N/A],[N/A],[N/A]
1784632057.1722,2418,2112,96,0,74,98.15,0x0000000000000000,Not Active,Not Active,Not Active,1,1,5,16,[N/A],[N/A],[N/A]
1784632057.2723,2418,2112,96,0,74,98.15,0x0000000000000000,Not Active,Not Active,Not Active,1,1,5,16,[N/A],[N/A],[N/A]
1784632057.3725,2418,2112,96,0,74,98.15,0x0000000000000000,Not Active,Not Active,Not Active,1,1,5,16,[N/A],[N/A],[N/A]
1784632057.4727,2418,2112,96,0,74,98.15,0x0000000000000000,Not Active,Not Active,Not Active,1,1,5,16,[N/A],[N/A],[N/A]
1784632057.5729,2418,2112,96,0,74,98.15,0x0000000000000000,Not Active,Not Active,Not Active,1,1,5,16,[N/A],[N/A],[N/A]
1784632057.6731,2418,2112,96,0,74,97.90,0x0000000000000000,Not Active,Not Active,Not Active,1,1,5,16,[N/A],[N/A],[N/A]
1784632057.7733,2418,2112,96,0,74,97.90,0x0000000000000000,Not Active,Not Active,Not Active,1,1,5,16,[N/A],[N/A],[N/A]
1784632057.874,2418,2112,96,0,74,97.90,0x0000000000000000,Not Active,Not Active,Not Active,1,1,5,16,[N/A],[N/A],[N/A]
1784632057.9749,2418,2112,96,0,74,97.90,0x0000000000000000,Not Active,Not Active,Not Active,1,1,5,16,[N/A],[N/A],[N/A]
1784632058.0764,2418,2112,96,0,74,97.90,0x0000000000000000,Not Active,Not Active,Not Active,1,1,5,16,[N/A],[N/A],[N/A]
1784632058.177,2411,2106,96,0,76,98.08,0x0000000000000004,Active,Not Active,Not Active,1,1,5,16,[N/A],[N/A],[N/A]
1784632058.2772,2411,2106,96,0,76,98.08,0x0000000000000004,Active,Not Active,Not Active,1,1,5,16,[N/A],[N/A],[N/A]
1784632058.3775,2411,2106,96,0,76,98.08,0x0000000000000004,Active,Not Active,Not Active,1,1,5,16,[N/A],[N/A],[N/A]
1784632058.4777,2411,2106,96,0,76,98.08,0x0000000000000004,Active,Not Active,Not Active,1,1,5,16,[N/A],[N/A],[N/A]
1784632058.578,2411,2112,96,0,74,97.71,0x0000000000000000,Not Active,Not Active,Not Active,1,1,5,16,[N/A],[N/A],[N/A]
1784632058.6783,2411,2112,96,0,74,97.71,0x0000000000000000,Not Active,Not Active,Not Active,1,1,5,16,[N/A],[N/A],[N/A]
1784632058.7789,2411,2112,96,0,74,97.71,0x0000000000000000,Not Active,Not Active,Not Active,1,1,5,16,[N/A],[N/A],[N/A]
1784632058.8794,2411,2112,96,0,74,97.71,0x0000000000000000,Not Active,Not Active,Not Active,1,1,5,16,[N/A],[N/A],[N/A]
1784632058.9796,2411,2112,96,0,74,97.71,0x0000000000000000,Not Active,Not Active,Not Active,1,1,5,16,[N/A],[N/A],[N/A]
1784632059.0799,2411,2106,96,0,75,97.88,0x0000000000000004,Active,Not Active,Not Active,1,1,5,16,[N/A],[N/A],[N/A]
1784632059.1802,2411,2106,96,0,75,97.88,0x0000000000000004,Active,Not Active,Not Active,1,1,5,16,[N/A],[N/A],[N/A]
1784632059.2807,2411,2106,96,0,75,97.88,0x0000000000000004,Active,Not Active,Not Active,1,1,5,16,[N/A],[N/A],[N/A]
1784632059.3812,2411,2106,96,0,75,97.88,0x0000000000000004,Active,Not Active,Not Active,1,1,5,16,[N/A],[N/A],[N/A]
1784632059.4817,2411,2106,96,0,75,97.88,0x0000000000000004,Active,Not Active,Not Active,1,1,5,16,[N/A],[N/A],[N/A]
1784632059.582,2411,2106,96,0,77,98.36,0x0000000000000004,Active,Not Active,Not Active,1,1,5,16,[N/A],[N/A],[N/A]
1784632059.6823,2411,2106,96,0,77,98.36,0x0000000000000004,Active,Not Active,Not Active,1,1,5,16,[N/A],[N/A],[N/A]
1784632059.7825,2411,2106,96,0,77,98.36,0x0000000000000004,Active,Not Active,Not Active,1,1,5,16,[N/A],[N/A],[N/A]
1784632059.8827,2411,2106,96,0,77,98.36,0x0000000000000004,Active,Not Active,Not Active,1,1,5,16,[N/A],[N/A],[N/A]
1784632059.9833,2411,2106,96,0,77,98.36,0x0000000000000004,Active,Not Active,Not Active,1,1,5,16,[N/A],[N/A],[N/A]
1784632060.0838,2418,2112,96,0,75,97.27,0x0000000000000000,Not Active,Not Active,Not Active,1,1,5,16,[N/A],[N/A],[N/A]
1784632060.1843,2418,2112,96,0,75,97.27,0x0000000000000000,Not Active,Not Active,Not Active,1,1,5,16,[N/A],[N/A],[N/A]
1784632060.2846,2418,2112,96,0,75,97.27,0x0000000000000000,Not Active,Not Active,Not Active,1,1,5,16,[N/A],[N/A],[N/A]
1784632060.3849,2418,2112,96,0,75,97.27,0x0000000000000000,Not Active,Not Active,Not Active,1,1,5,16,[N/A],[N/A],[N/A]
1784632060.4852,2418,2112,96,0,75,97.27,0x0000000000000000,Not Active,Not Active,Not Active,1,1,5,16,[N/A],[N/A],[N/A]
1784632060.5854,2405,2106,96,0,76,97.69,0x0000000000000004,Active,Not Active,Not Active,1,1,5,16,[N/A],[N/A],[N/A]
1784632060.6857,2405,2106,96,0,76,97.69,0x0000000000000004,Active,Not Active,Not Active,1,1,5,16,[N/A],[N/A],[N/A]
1784632060.7865,2405,2106,96,0,76,97.69,0x0000000000000004,Active,Not Active,Not Active,1,1,5,16,[N/A],[N/A],[N/A]
1784632060.8868,2405,2106,96,0,76,97.69,0x0000000000000004,Active,Not Active,Not Active,1,1,5,16,[N/A],[N/A],[N/A]
1784632060.987,2405,2106,96,0,76,97.69,0x0000000000000004,Active,Not Active,Not Active,1,1,5,16,[N/A],[N/A],[N/A]
1784632061.0876,2405,2099,96,0,74,98.04,0x0000000000000000,Not Active,Not Active,Not Active,1,1,5,16,[N/A],[N/A],[N/A]
1784632061.1879,2405,2099,96,0,74,98.04,0x0000000000000000,Not Active,Not Active,Not Active,1,1,5,16,[N/A],[N/A],[N/A]
1784632061.2882,2405,2099,96,0,74,98.04,0x0000000000000000,Not Active,Not Active,Not Active,1,1,5,16,[N/A],[N/A],[N/A]
1784632061.3887,2405,2099,96,0,74,98.04,0x0000000000000000,Not Active,Not Active,Not Active,1,1,5,16,[N/A],[N/A],[N/A]
1784632061.4892,2405,2099,96,0,74,98.04,0x0000000000000000,Not Active,Not Active,Not Active,1,1,5,16,[N/A],[N/A],[N/A]
1784632061.5895,2405,2106,96,0,76,97.34,0x0000000000000000,Not Active,Not Active,Not Active,1,1,5,16,[N/A],[N/A],[N/A]
1784632061.6898,2405,2106,96,0,76,97.34,0x0000000000000000,Not Active,Not Active,Not Active,1,1,5,16,[N/A],[N/A],[N/A]
1784632061.7901,2405,2106,96,0,76,97.34,0x0000000000000000,Not Active,Not Active,Not Active,1,1,5,16,[N/A],[N/A],[N/A]
1784632061.8903,2405,2106,96,0,76,97.34,0x0000000000000000,Not Active,Not Active,Not Active,1,1,5,16,[N/A],[N/A],[N/A]
1784632061.9904,2405,2106,96,0,76,97.34,0x0000000000000000,Not Active,Not Active,Not Active,1,1,5,16,[N/A],[N/A],[N/A]
1784632062.0908,2405,2106,96,0,70,98.04,0x0000000000000000,Not Active,Not Active,Not Active,1,1,5,16,[N/A],[N/A],[N/A]
1784632062.1909,2405,2106,96,0,70,98.04,0x0000000000000000,Not Active,Not Active,Not Active,1,1,5,16,[N/A],[N/A],[N/A]
1784632062.2913,2405,2106,96,0,70,98.04,0x0000000000000000,Not Active,Not Active,Not Active,1,1,5,16,[N/A],[N/A],[N/A]
1784632062.3916,2405,2106,96,0,70,98.04,0x0000000000000000,Not Active,Not Active,Not Active,1,1,5,16,[N/A],[N/A],[N/A]
1784632062.4918,2405,2106,96,0,70,98.04,0x0000000000000000,Not Active,Not Active,Not Active,1,1,5,16,[N/A],[N/A],[N/A]
1784632062.5923,2431,2125,96,0,76,87.69,0x0000000000000004,Active,Not Active,Not Active,1,1,5,16,[N/A],[N/A],[N/A]
1784632062.6925,2431,2125,96,0,76,87.69,0x0000000000000004,Active,Not Active,Not Active,1,1,5,16,[N/A],[N/A],[N/A]
1784632062.7925,2431,2125,96,0,76,87.69,0x0000000000000004,Active,Not Active,Not Active,1,1,5,16,[N/A],[N/A],[N/A]
1784632062.8928,2431,2125,96,0,76,87.69,0x0000000000000004,Active,Not Active,Not Active,1,1,5,16,[N/A],[N/A],[N/A]
1784632062.993,2431,2125,96,0,76,87.69,0x0000000000000004,Active,Not Active,Not Active,1,1,5,16,[N/A],[N/A],[N/A]
1784632063.0939,2411,2106,96,0,74,86.78,0x0000000000000004,Active,Not Active,Not Active,1,1,5,16,[N/A],[N/A],[N/A]
1784632063.1949,2411,2106,96,0,74,86.78,0x0000000000000004,Active,Not Active,Not Active,1,1,5,16,[N/A],[N/A],[N/A]
1784632063.2954,2411,2106,96,0,74,86.78,0x0000000000000004,Active,Not Active,Not Active,1,1,5,16,[N/A],[N/A],[N/A]
1784632063.3954,2411,2106,96,0,74,86.78,0x0000000000000004,Active,Not Active,Not Active,1,1,5,16,[N/A],[N/A],[N/A]
1784632063.4957,2411,2106,96,0,74,86.78,0x0000000000000004,Active,Not Active,Not Active,1,1,5,16,[N/A],[N/A],[N/A]
1784632063.5959,2411,2106,96,0,76,97.83,0x0000000000000000,Not Active,Not Active,Not Active,1,1,5,16,[N/A],[N/A],[N/A]
1784632063.6962,2411,2106,96,0,76,97.83,0x0000000000000000,Not Active,Not Active,Not Active,1,1,5,16,[N/A],[N/A],[N/A]
1784632063.7967,2411,2106,96,0,76,97.83,0x0000000000000000,Not Active,Not Active,Not Active,1,1,5,16,[N/A],[N/A],[N/A]
1784632063.8975,2411,2106,96,0,76,97.83,0x0000000000000000,Not Active,Not Active,Not Active,1,1,5,16,[N/A],[N/A],[N/A]
1784632063.9975,2411,2106,96,0,76,97.83,0x0000000000000000,Not Active,Not Active,Not Active,1,1,5,16,[N/A],[N/A],[N/A]
1784632064.0977,2405,2099,96,0,76,98.06,0x0000000000000004,Active,Not Active,Not Active,1,1,5,16,[N/A],[N/A],[N/A]
1784632064.198,2405,2099,96,0,76,98.06,0x0000000000000004,Active,Not Active,Not Active,1,1,5,16,[N/A],[N/A],[N/A]
1784632064.2985,2405,2099,96,0,76,98.06,0x0000000000000004,Active,Not Active,Not Active,1,1,5,16,[N/A],[N/A],[N/A]
1784632064.3987,2405,2099,96,0,76,98.06,0x0000000000000004,Active,Not Active,Not Active,1,1,5,16,[N/A],[N/A],[N/A]
1784632064.499,2405,2099,96,0,76,98.06,0x0000000000000004,Active,Not Active,Not Active,1,1,5,16,[N/A],[N/A],[N/A]
1784632064.5995,2411,2106,96,0,77,98.08,0x0000000000000004,Active,Not Active,Not Active,1,1,5,16,[N/A],[N/A],[N/A]
1784632064.7,2411,2106,96,0,77,98.08,0x0000000000000004,Active,Not Active,Not Active,1,1,5,16,[N/A],[N/A],[N/A]
1784632064.8,2411,2106,96,0,77,98.08,0x0000000000000004,Active,Not Active,Not Active,1,1,5,16,[N/A],[N/A],[N/A]
1784632064.9002,2411,2106,96,0,77,98.08,0x0000000000000004,Active,Not Active,Not Active,1,1,5,16,[N/A],[N/A],[N/A]
1784632065.0005,2411,2106,96,0,77,98.08,0x0000000000000004,Active,Not Active,Not Active,1,1,5,16,[N/A],[N/A],[N/A]
1784632065.1008,2411,2106,96,0,77,97.93,0x0000000000000000,Not Active,Not Active,Not Active,1,1,5,16,[N/A],[N/A],[N/A]
1784632065.2012,2411,2106,96,0,77,97.93,0x0000000000000000,Not Active,Not Active,Not Active,1,1,5,16,[N/A],[N/A],[N/A]
1784632065.3013,2411,2106,96,0,77,97.93,0x0000000000000000,Not Active,Not Active,Not Active,1,1,5,16,[N/A],[N/A],[N/A]
1784632065.4016,2411,2106,96,0,77,97.93,0x0000000000000000,Not Active,Not Active,Not Active,1,1,5,16,[N/A],[N/A],[N/A]
1784632065.5019,2411,2106,96,0,77,97.93,0x0000000000000000,Not Active,Not Active,Not Active,1,1,5,16,[N/A],[N/A],[N/A]
1784632065.6021,2405,2106,96,0,77,98.04,0x0000000000000004,Active,Not Active,Not Active,1,1,5,16,[N/A],[N/A],[N/A]
1784632065.7024,2405,2106,96,0,77,98.04,0x0000000000000004,Active,Not Active,Not Active,1,1,5,16,[N/A],[N/A],[N/A]
1784632065.803,2405,2106,96,0,77,98.04,0x0000000000000004,Active,Not Active,Not Active,1,1,5,16,[N/A],[N/A],[N/A]
1784632065.9035,2405,2106,96,0,77,98.04,0x0000000000000004,Active,Not Active,Not Active,1,1,5,16,[N/A],[N/A],[N/A]
1784632066.0041,2405,2106,96,0,77,98.04,0x0000000000000004,Active,Not Active,Not Active,1,1,5,16,[N/A],[N/A],[N/A]
1784632066.1043,2411,2106,96,0,75,97.53,0x0000000000000000,Not Active,Not Active,Not Active,1,1,5,16,[N/A],[N/A],[N/A]
1784632066.2046,2411,2106,96,0,75,97.53,0x0000000000000000,Not Active,Not Active,Not Active,1,1,5,16,[N/A],[N/A],[N/A]
1784632066.3049,2411,2106,96,0,75,97.53,0x0000000000000000,Not Active,Not Active,Not Active,1,1,5,16,[N/A],[N/A],[N/A]
1784632066.4051,2411,2106,96,0,75,97.53,0x0000000000000000,Not Active,Not Active,Not Active,1,1,5,16,[N/A],[N/A],[N/A]
1784632066.5055,2411,2106,96,0,75,97.53,0x0000000000000000,Not Active,Not Active,Not Active,1,1,5,16,[N/A],[N/A],[N/A]
1784632066.6057,2405,2106,96,0,77,97.88,0x0000000000000000,Not Active,Not Active,Not Active,1,1,5,16,[N/A],[N/A],[N/A]
1784632066.7059,2405,2106,96,0,77,97.88,0x0000000000000000,Not Active,Not Active,Not Active,1,1,5,16,[N/A],[N/A],[N/A]
1784632066.8063,2405,2106,96,0,77,97.88,0x0000000000000000,Not Active,Not Active,Not Active,1,1,5,16,[N/A],[N/A],[N/A]
1784632066.9065,2405,2106,96,0,77,97.88,0x0000000000000000,Not Active,Not Active,Not Active,1,1,5,16,[N/A],[N/A],[N/A]
1784632067.0068,2405,2106,96,0,77,97.88,0x0000000000000000,Not Active,Not Active,Not Active,1,1,5,16,[N/A],[N/A],[N/A]
1784632067.1071,2411,2106,96,0,73,97.98,0x0000000000000000,Not Active,Not Active,Not Active,1,1,5,16,[N/A],[N/A],[N/A]
1784632067.2074,2411,2106,96,0,73,97.98,0x0000000000000000,Not Active,Not Active,Not Active,1,1,5,16,[N/A],[N/A],[N/A]
1784632067.308,2411,2106,96,0,73,97.98,0x0000000000000000,Not Active,Not Active,Not Active,1,1,5,16,[N/A],[N/A],[N/A]
1784632067.4082,2411,2106,96,0,73,97.98,0x0000000000000000,Not Active,Not Active,Not Active,1,1,5,16,[N/A],[N/A],[N/A]
1784632067.5085,2411,2106,96,0,73,97.98,0x0000000000000000,Not Active,Not Active,Not Active,1,1,5,16,[N/A],[N/A],[N/A]
1784632067.6088,2411,2106,96,0,76,97.34,0x0000000000000000,Not Active,Not Active,Not Active,1,1,5,16,[N/A],[N/A],[N/A]
1784632067.709,2411,2106,96,0,76,97.34,0x0000000000000000,Not Active,Not Active,Not Active,1,1,5,16,[N/A],[N/A],[N/A]
1784632067.8093,2411,2106,96,0,76,97.34,0x0000000000000000,Not Active,Not Active,Not Active,1,1,5,16,[N/A],[N/A],[N/A]
1784632067.91,2411,2106,96,0,76,97.34,0x0000000000000000,Not Active,Not Active,Not Active,1,1,5,16,[N/A],[N/A],[N/A]
1784632068.0106,2411,2106,96,0,76,97.34,0x0000000000000000,Not Active,Not Active,Not Active,1,1,5,16,[N/A],[N/A],[N/A]
1784632068.1111,2405,2106,96,0,76,97.64,0x0000000000000000,Not Active,Not Active,Not Active,1,1,5,16,[N/A],[N/A],[N/A]
1784632068.2113,2405,2106,96,0,76,97.64,0x0000000000000000,Not Active,Not Active,Not Active,1,1,5,16,[N/A],[N/A],[N/A]
1784632068.3116,2405,2106,96,0,76,97.64,0x0000000000000000,Not Active,Not Active,Not Active,1,1,5,16,[N/A],[N/A],[N/A]
1784632068.4119,2405,2106,96,0,76,97.64,0x0000000000000000,Not Active,Not Active,Not Active,1,1,5,16,[N/A],[N/A],[N/A]
1784632068.5121,2405,2106,96,0,76,97.64,0x0000000000000000,Not Active,Not Active,Not Active,1,1,5,16,[N/A],[N/A],[N/A]
1784632068.6131,2411,2106,96,0,75,97.48,0x0000000000000000,Not Active,Not Active,Not Active,1,1,5,16,[N/A],[N/A],[N/A]
1784632068.7133,2411,2106,96,0,75,97.48,0x0000000000000000,Not Active,Not Active,Not Active,1,1,5,16,[N/A],[N/A],[N/A]
1784632068.8135,2411,2106,96,0,75,97.48,0x0000000000000000,Not Active,Not Active,Not Active,1,1,5,16,[N/A],[N/A],[N/A]
1784632068.9138,2411,2106,96,0,75,97.48,0x0000000000000000,Not Active,Not Active,Not Active,1,1,5,16,[N/A],[N/A],[N/A]
1784632069.0141,2411,2106,96,0,75,97.48,0x0000000000000000,Not Active,Not Active,Not Active,1,1,5,16,[N/A],[N/A],[N/A]
1784632069.1148,2405,2099,96,0,78,97.51,0x0000000000000004,Active,Not Active,Not Active,1,1,5,16,[N/A],[N/A],[N/A]
1784632069.2151,2405,2099,96,0,78,97.51,0x0000000000000004,Active,Not Active,Not Active,1,1,5,16,[N/A],[N/A],[N/A]
1784632069.3158,2405,2099,96,0,78,97.51,0x0000000000000004,Active,Not Active,Not Active,1,1,5,16,[N/A],[N/A],[N/A]
1784632069.416,2405,2099,96,0,78,97.51,0x0000000000000004,Active,Not Active,Not Active,1,1,5,16,[N/A],[N/A],[N/A]
1784632069.5163,2405,2099,96,0,78,97.51,0x0000000000000004,Active,Not Active,Not Active,1,1,5,16,[N/A],[N/A],[N/A]
1784632069.6165,2405,2099,96,0,72,98.00,0x0000000000000000,Not Active,Not Active,Not Active,1,1,5,16,[N/A],[N/A],[N/A]
1784632069.7168,2405,2099,96,0,72,98.00,0x0000000000000000,Not Active,Not Active,Not Active,1,1,5,16,[N/A],[N/A],[N/A]
1784632069.8171,2405,2099,96,0,72,98.00,0x0000000000000000,Not Active,Not Active,Not Active,1,1,5,16,[N/A],[N/A],[N/A]
1784632069.9173,2405,2099,96,0,72,98.00,0x0000000000000000,Not Active,Not Active,Not Active,1,1,5,16,[N/A],[N/A],[N/A]
1784632070.0175,2405,2099,96,0,72,98.00,0x0000000000000000,Not Active,Not Active,Not Active,1,1,5,16,[N/A],[N/A],[N/A]
1784632070.118,2398,2099,96,0,77,97.32,0x0000000000000000,Not Active,Not Active,Not Active,1,1,5,16,[N/A],[N/A],[N/A]
1784632070.2183,2398,2099,96,0,77,97.32,0x0000000000000000,Not Active,Not Active,Not Active,1,1,5,16,[N/A],[N/A],[N/A]
1784632070.3185,2398,2099,96,0,77,97.32,0x0000000000000000,Not Active,Not Active,Not Active,1,1,5,16,[N/A],[N/A],[N/A]
1784632070.4188,2398,2099,96,0,77,97.32,0x0000000000000000,Not Active,Not Active,Not Active,1,1,5,16,[N/A],[N/A],[N/A]
1784632070.5191,2398,2099,96,0,77,97.32,0x0000000000000000,Not Active,Not Active,Not Active,1,1,5,16,[N/A],[N/A],[N/A]
1784632070.6196,2398,2099,96,0,77,97.58,0x0000000000000000,Not Active,Not Active,Not Active,1,1,5,16,[N/A],[N/A],[N/A]
1784632070.7204,2398,2099,96,0,77,97.58,0x0000000000000000,Not Active,Not Active,Not Active,1,1,5,16,[N/A],[N/A],[N/A]
1784632070.8207,2398,2099,96,0,77,97.58,0x0000000000000000,Not Active,Not Active,Not Active,1,1,5,16,[N/A],[N/A],[N/A]
1784632070.9209,2398,2099,96,0,77,97.58,0x0000000000000000,Not Active,Not Active,Not Active,1,1,5,16,[N/A],[N/A],[N/A]
1784632071.0212,2398,2099,96,0,77,97.58,0x0000000000000000,Not Active,Not Active,Not Active,1,1,5,16,[N/A],[N/A],[N/A]
1784632071.1214,2405,2099,96,0,74,97.25,0x0000000000000000,Not Active,Not Active,Not Active,1,1,5,16,[N/A],[N/A],[N/A]
1784632071.2217,2405,2099,96,0,74,97.25,0x0000000000000000,Not Active,Not Active,Not Active,1,1,5,16,[N/A],[N/A],[N/A]
1784632071.3224,2405,2099,96,0,74,97.25,0x0000000000000000,Not Active,Not Active,Not Active,1,1,5,16,[N/A],[N/A],[N/A]
1784632071.4225,2405,2099,96,0,74,97.25,0x0000000000000000,Not Active,Not Active,Not Active,1,1,5,16,[N/A],[N/A],[N/A]
1784632071.5225,2405,2099,96,0,74,97.25,0x0000000000000000,Not Active,Not Active,Not Active,1,1,5,16,[N/A],[N/A],[N/A]
1784632071.6227,2392,2099,96,0,77,97.46,0x0000000000000000,Not Active,Not Active,Not Active,1,1,5,16,[N/A],[N/A],[N/A]
1784632071.7275,2392,2099,96,0,77,97.46,0x0000000000000000,Not Active,Not Active,Not Active,1,1,5,16,[N/A],[N/A],[N/A]
1784632071.8278,2392,2099,96,0,77,97.46,0x0000000000000000,Not Active,Not Active,Not Active,1,1,5,16,[N/A],[N/A],[N/A]
1784632071.9284,2392,2099,96,0,77,97.46,0x0000000000000000,Not Active,Not Active,Not Active,1,1,5,16,[N/A],[N/A],[N/A]
1784632072.0287,2392,2099,96,0,77,97.46,0x0000000000000000,Not Active,Not Active,Not Active,1,1,5,16,[N/A],[N/A],[N/A]
1784632072.1291,2424,2119,86,0,80,89.92,0x0000000000000000,Not Active,Not Active,Not Active,1,1,5,16,[N/A],[N/A],[N/A]
1784632072.2295,2424,2119,86,0,80,89.92,0x0000000000000000,Not Active,Not Active,Not Active,1,1,5,16,[N/A],[N/A],[N/A]
1784632072.3297,2424,2119,86,0,80,89.92,0x0000000000000000,Not Active,Not Active,Not Active,1,1,5,16,[N/A],[N/A],[N/A]
1784632072.43,2424,2119,86,0,80,89.92,0x0000000000000000,Not Active,Not Active,Not Active,1,1,5,16,[N/A],[N/A],[N/A]
1784632072.5303,2424,2119,86,0,80,89.92,0x0000000000000000,Not Active,Not Active,Not Active,1,1,5,16,[N/A],[N/A],[N/A]
1784632072.6308,2398,2099,96,0,79,90.32,0x0000000000000004,Active,Not Active,Not Active,1,1,5,16,[N/A],[N/A],[N/A]
1784632072.7313,2398,2099,96,0,79,90.32,0x0000000000000004,Active,Not Active,Not Active,1,1,5,16,[N/A],[N/A],[N/A]
1784632072.8316,2398,2099,96,0,79,90.32,0x0000000000000004,Active,Not Active,Not Active,1,1,5,16,[N/A],[N/A],[N/A]
1784632072.9318,2398,2099,96,0,79,90.32,0x0000000000000004,Active,Not Active,Not Active,1,1,5,16,[N/A],[N/A],[N/A]
1784632073.0323,2398,2099,96,0,79,90.32,0x0000000000000004,Active,Not Active,Not Active,1,1,5,16,[N/A],[N/A],[N/A]
1784632073.1325,2398,2099,96,0,78,97.42,0x0000000000000000,Not Active,Not Active,Not Active,1,1,5,16,[N/A],[N/A],[N/A]
1784632073.2327,2398,2099,96,0,78,97.42,0x0000000000000000,Not Active,Not Active,Not Active,1,1,5,16,[N/A],[N/A],[N/A]
1784632073.333,2398,2099,96,0,78,97.42,0x0000000000000000,Not Active,Not Active,Not Active,1,1,5,16,[N/A],[N/A],[N/A]
1784632073.435,2398,2099,96,0,78,97.42,0x0000000000000000,Not Active,Not Active,Not Active,1,1,5,16,[N/A],[N/A],[N/A]
1784632073.5352,2398,2099,96,0,78,97.42,0x0000000000000000,Not Active,Not Active,Not Active,1,1,5,16,[N/A],[N/A],[N/A]
1784632073.6354,2398,2099,96,0,79,97.68,0x0000000000000004,Active,Not Active,Not Active,1,1,5,16,[N/A],[N/A],[N/A]
1784632073.7355,2398,2099,96,0,79,97.68,0x0000000000000004,Active,Not Active,Not Active,1,1,5,16,[N/A],[N/A],[N/A]
1784632073.8357,2398,2099,96,0,79,97.68,0x0000000000000004,Active,Not Active,Not Active,1,1,5,16,[N/A],[N/A],[N/A]
1784632073.936,2398,2099,96,0,79,97.68,0x0000000000000004,Active,Not Active,Not Active,1,1,5,16,[N/A],[N/A],[N/A]
1784632074.037,2398,2099,96,0,79,97.68,0x0000000000000004,Active,Not Active,Not Active,1,1,5,16,[N/A],[N/A],[N/A]
1784632074.1368,2398,2099,96,0,77,97.62,0x0000000000000000,Not Active,Not Active,Not Active,1,1,5,16,[N/A],[N/A],[N/A]
1784632074.237,2398,2099,96,0,77,97.62,0x0000000000000000,Not Active,Not Active,Not Active,1,1,5,16,[N/A],[N/A],[N/A]
1784632074.3373,2398,2099,96,0,77,97.62,0x0000000000000000,Not Active,Not Active,Not Active,1,1,5,16,[N/A],[N/A],[N/A]
1784632074.4376,2398,2099,96,0,77,97.62,0x0000000000000000,Not Active,Not Active,Not Active,1,1,5,16,[N/A],[N/A],[N/A]
1784632074.5378,2398,2099,96,0,77,97.62,0x0000000000000000,Not Active,Not Active,Not Active,1,1,5,16,[N/A],[N/A],[N/A]
1784632074.638,2398,2093,96,0,78,97.41,0x0000000000000004,Active,Not Active,Not Active,1,1,5,16,[N/A],[N/A],[N/A]
1784632074.7387,2398,2093,96,0,78,97.41,0x0000000000000004,Active,Not Active,Not Active,1,1,5,16,[N/A],[N/A],[N/A]
1784632074.8392,2398,2093,96,0,78,97.41,0x0000000000000004,Active,Not Active,Not Active,1,1,5,16,[N/A],[N/A],[N/A]
1784632074.9394,2398,2093,96,0,78,97.41,0x0000000000000004,Active,Not Active,Not Active,1,1,5,16,[N/A],[N/A],[N/A]
1784632075.0396,2398,2093,96,0,78,97.41,0x0000000000000004,Active,Not Active,Not Active,1,1,5,16,[N/A],[N/A],[N/A]
1784632075.1397,2405,2099,96,0,76,97.86,0x0000000000000000,Not Active,Not Active,Not Active,1,1,5,16,[N/A],[N/A],[N/A]
1784632075.2399,2405,2099,96,0,76,97.86,0x0000000000000000,Not Active,Not Active,Not Active,1,1,5,16,[N/A],[N/A],[N/A]
1784632075.3404,2405,2099,96,0,76,97.86,0x0000000000000000,Not Active,Not Active,Not Active,1,1,5,16,[N/A],[N/A],[N/A]
1784632075.441,2405,2099,96,0,76,97.86,0x0000000000000000,Not Active,Not Active,Not Active,1,1,5,16,[N/A],[N/A],[N/A]
1784632075.5415,2405,2099,96,0,76,97.86,0x0000000000000000,Not Active,Not Active,Not Active,1,1,5,16,[N/A],[N/A],[N/A]
1784632075.6422,2405,2099,96,0,78,97.78,0x0000000000000004,Active,Not Active,Not Active,1,1,5,16,[N/A],[N/A],[N/A]
1784632075.7422,2405,2099,96,0,78,97.78,0x0000000000000004,Active,Not Active,Not Active,1,1,5,16,[N/A],[N/A],[N/A]
1784632075.8423,2405,2099,96,0,78,97.78,0x0000000000000004,Active,Not Active,Not Active,1,1,5,16,[N/A],[N/A],[N/A]
1784632075.9425,2405,2099,96,0,78,97.78,0x0000000000000004,Active,Not Active,Not Active,1,1,5,16,[N/A],[N/A],[N/A]
1784632076.0427,2405,2099,96,0,78,97.78,0x0000000000000004,Active,Not Active,Not Active,1,1,5,16,[N/A],[N/A],[N/A]
1784632076.1429,2398,2099,96,0,75,98.07,0x0000000000000000,Not Active,Not Active,Not Active,1,1,5,16,[N/A],[N/A],[N/A]
1784632076.2431,2398,2099,96,0,75,98.07,0x0000000000000000,Not Active,Not Active,Not Active,1,1,5,16,[N/A],[N/A],[N/A]
1784632076.3434,2398,2099,96,0,75,98.07,0x0000000000000000,Not Active,Not Active,Not Active,1,1,5,16,[N/A],[N/A],[N/A]
1784632076.4437,2398,2099,96,0,75,98.07,0x0000000000000000,Not Active,Not Active,Not Active,1,1,5,16,[N/A],[N/A],[N/A]
1784632076.5439,2398,2099,96,0,75,98.07,0x0000000000000000,Not Active,Not Active,Not Active,1,1,5,16,[N/A],[N/A],[N/A]
1784632076.6442,2398,2106,96,0,78,97.35,0x0000000000000000,Not Active,Not Active,Not Active,1,1,5,16,[N/A],[N/A],[N/A]
1784632076.7447,2398,2106,96,0,78,97.35,0x0000000000000000,Not Active,Not Active,Not Active,1,1,5,16,[N/A],[N/A],[N/A]
1784632076.8449,2398,2106,96,0,78,97.35,0x0000000000000000,Not Active,Not Active,Not Active,1,1,5,16,[N/A],[N/A],[N/A]
1784632076.9455,2398,2106,96,0,78,97.35,0x0000000000000000,Not Active,Not Active,Not Active,1,1,5,16,[N/A],[N/A],[N/A]
1784632077.0457,2398,2106,96,0,78,97.35,0x0000000000000000,Not Active,Not Active,Not Active,1,1,5,16,[N/A],[N/A],[N/A]
1784632077.1459,2398,2093,96,0,77,97.81,0x0000000000000004,Active,Not Active,Not Active,1,1,5,16,[N/A],[N/A],[N/A]
1784632077.2461,2398,2093,96,0,77,97.81,0x0000000000000004,Active,Not Active,Not Active,1,1,5,16,[N/A],[N/A],[N/A]
1784632077.3463,2398,2093,96,0,77,97.81,0x0000000000000004,Active,Not Active,Not Active,1,1,5,16,[N/A],[N/A],[N/A]
1784632077.4468,2398,2093,96,0,77,97.81,0x0000000000000004,Active,Not Active,Not Active,1,1,5,16,[N/A],[N/A],[N/A]
1784632077.5473,2398,2093,96,0,77,97.81,0x0000000000000004,Active,Not Active,Not Active,1,1,5,16,[N/A],[N/A],[N/A]
1784632077.6475,2398,2106,96,0,78,98.08,0x0000000000000000,Not Active,Not Active,Not Active,1,1,5,16,[N/A],[N/A],[N/A]
1784632077.7476,2398,2106,96,0,78,98.08,0x0000000000000000,Not Active,Not Active,Not Active,1,1,5,16,[N/A],[N/A],[N/A]
1784632077.8478,2398,2106,96,0,78,98.08,0x0000000000000000,Not Active,Not Active,Not Active,1,1,5,16,[N/A],[N/A],[N/A]
1784632077.9481,2398,2106,96,0,78,98.08,0x0000000000000000,Not Active,Not Active,Not Active,1,1,5,16,[N/A],[N/A],[N/A]
1784632078.049,2398,2106,96,0,78,98.08,0x0000000000000000,Not Active,Not Active,Not Active,1,1,5,16,[N/A],[N/A],[N/A]
1784632078.1492,2392,2099,96,0,78,97.88,0x0000000000000004,Active,Not Active,Not Active,1,1,5,16,[N/A],[N/A],[N/A]
1784632078.2498,2392,2099,96,0,78,97.88,0x0000000000000004,Active,Not Active,Not Active,1,1,5,16,[N/A],[N/A],[N/A]
1784632078.3504,2392,2099,96,0,78,97.88,0x0000000000000004,Active,Not Active,Not Active,1,1,5,16,[N/A],[N/A],[N/A]
1784632078.4507,2392,2099,96,0,78,97.88,0x0000000000000004,Active,Not Active,Not Active,1,1,5,16,[N/A],[N/A],[N/A]
1784632078.551,2392,2099,96,0,78,97.88,0x0000000000000004,Active,Not Active,Not Active,1,1,5,16,[N/A],[N/A],[N/A]
1784632078.6513,2392,2093,96,0,79,97.76,0x0000000000000004,Active,Not Active,Not Active,1,1,5,16,[N/A],[N/A],[N/A]
1784632078.7518,2392,2093,96,0,79,97.76,0x0000000000000004,Active,Not Active,Not Active,1,1,5,16,[N/A],[N/A],[N/A]
1784632078.8526,2392,2093,96,0,79,97.76,0x0000000000000004,Active,Not Active,Not Active,1,1,5,16,[N/A],[N/A],[N/A]
1784632078.9525,2392,2093,96,0,79,97.76,0x0000000000000004,Active,Not Active,Not Active,1,1,5,16,[N/A],[N/A],[N/A]
1784632079.0528,2392,2093,96,0,79,97.76,0x0000000000000004,Active,Not Active,Not Active,1,1,5,16,[N/A],[N/A],[N/A]
1784632079.1531,2398,2099,96,0,78,97.32,0x0000000000000000,Not Active,Not Active,Not Active,1,1,5,16,[N/A],[N/A],[N/A]
1784632079.2536,2398,2099,96,0,78,97.32,0x0000000000000000,Not Active,Not Active,Not Active,1,1,5,16,[N/A],[N/A],[N/A]
1784632079.3539,2398,2099,96,0,78,97.32,0x0000000000000000,Not Active,Not Active,Not Active,1,1,5,16,[N/A],[N/A],[N/A]
1784632079.4541,2398,2099,96,0,78,97.32,0x0000000000000000,Not Active,Not Active,Not Active,1,1,5,16,[N/A],[N/A],[N/A]
1784632079.5549,2398,2099,96,0,78,97.32,0x0000000000000000,Not Active,Not Active,Not Active,1,1,5,16,[N/A],[N/A],[N/A]
1784632079.6554,2398,2093,96,0,80,97.73,0x0000000000000004,Active,Not Active,Not Active,1,1,5,16,[N/A],[N/A],[N/A]
1784632079.7556,2398,2093,96,0,80,97.73,0x0000000000000004,Active,Not Active,Not Active,1,1,5,16,[N/A],[N/A],[N/A]
1784632079.8559,2398,2093,96,0,80,97.73,0x0000000000000004,Active,Not Active,Not Active,1,1,5,16,[N/A],[N/A],[N/A]
1784632079.9562,2398,2093,96,0,80,97.73,0x0000000000000004,Active,Not Active,Not Active,1,1,5,16,[N/A],[N/A],[N/A]
1784632080.0564,2398,2093,96,0,80,97.73,0x0000000000000004,Active,Not Active,Not Active,1,1,5,16,[N/A],[N/A],[N/A]
1784632080.1566,2405,2093,96,0,78,97.10,0x0000000000000000,Not Active,Not Active,Not Active,1,1,5,16,[N/A],[N/A],[N/A]
1784632080.2572,2405,2093,96,0,78,97.10,0x0000000000000000,Not Active,Not Active,Not Active,1,1,5,16,[N/A],[N/A],[N/A]
1784632080.3577,2405,2093,96,0,78,97.10,0x0000000000000000,Not Active,Not Active,Not Active,1,1,5,16,[N/A],[N/A],[N/A]
1784632080.458,2405,2093,96,0,78,97.10,0x0000000000000000,Not Active,Not Active,Not Active,1,1,5,16,[N/A],[N/A],[N/A]
1784632080.5583,2405,2093,96,0,78,97.10,0x0000000000000000,Not Active,Not Active,Not Active,1,1,5,16,[N/A],[N/A],[N/A]
1784632080.6586,2392,2099,96,0,80,97.28,0x0000000000000004,Active,Not Active,Not Active,1,1,5,16,[N/A],[N/A],[N/A]
1784632080.7588,2392,2099,96,0,80,97.28,0x0000000000000004,Active,Not Active,Not Active,1,1,5,16,[N/A],[N/A],[N/A]
1784632080.8594,2392,2099,96,0,80,97.28,0x0000000000000004,Active,Not Active,Not Active,1,1,5,16,[N/A],[N/A],[N/A]
1784632080.9599,2392,2099,96,0,80,97.28,0x0000000000000004,Active,Not Active,Not Active,1,1,5,16,[N/A],[N/A],[N/A]
1784632081.0602,2392,2099,96,0,80,97.28,0x0000000000000004,Active,Not Active,Not Active,1,1,5,16,[N/A],[N/A],[N/A]
1784632081.1604,2398,2106,96,0,79,97.11,0x0000000000000000,Not Active,Not Active,Not Active,1,1,5,16,[N/A],[N/A],[N/A]
1784632081.2607,2398,2106,96,0,79,97.11,0x0000000000000000,Not Active,Not Active,Not Active,1,1,5,16,[N/A],[N/A],[N/A]
1784632081.361,2398,2106,96,0,79,97.11,0x0000000000000000,Not Active,Not Active,Not Active,1,1,5,16,[N/A],[N/A],[N/A]
1784632081.4618,2398,2106,96,0,79,97.11,0x0000000000000000,Not Active,Not Active,Not Active,1,1,5,16,[N/A],[N/A],[N/A]
1784632081.5623,2398,2106,96,0,79,97.11,0x0000000000000000,Not Active,Not Active,Not Active,1,1,5,16,[N/A],[N/A],[N/A]
1784632081.6629,2450,2138,96,0,76,89.15,0x0000000000000000,Not Active,Not Active,Not Active,1,1,5,16,[N/A],[N/A],[N/A]
1784632081.7631,2450,2138,96,0,76,89.15,0x0000000000000000,Not Active,Not Active,Not Active,1,1,5,16,[N/A],[N/A],[N/A]
1784632081.8633,2450,2138,96,0,76,89.15,0x0000000000000000,Not Active,Not Active,Not Active,1,1,5,16,[N/A],[N/A],[N/A]
1784632081.9636,2450,2138,96,0,76,89.15,0x0000000000000000,Not Active,Not Active,Not Active,1,1,5,16,[N/A],[N/A],[N/A]
1784632082.0639,2450,2138,96,0,76,89.15,0x0000000000000000,Not Active,Not Active,Not Active,1,1,5,16,[N/A],[N/A],[N/A]
1784632082.1642,2392,2099,96,0,80,90.50,0x0000000000000004,Active,Not Active,Not Active,1,1,5,16,[N/A],[N/A],[N/A]
1784632082.265,2392,2099,96,0,80,90.50,0x0000000000000004,Active,Not Active,Not Active,1,1,5,16,[N/A],[N/A],[N/A]
1784632082.3655,2392,2099,96,0,80,90.50,0x0000000000000004,Active,Not Active,Not Active,1,1,5,16,[N/A],[N/A],[N/A]
1784632082.4658,2392,2099,96,0,80,90.50,0x0000000000000004,Active,Not Active,Not Active,1,1,5,16,[N/A],[N/A],[N/A]
1784632082.566,2392,2099,96,0,80,90.50,0x0000000000000004,Active,Not Active,Not Active,1,1,5,16,[N/A],[N/A],[N/A]
1784632082.6661,2392,2093,96,0,74,98.37,0x0000000000000000,Not Active,Not Active,Not Active,1,1,5,16,[N/A],[N/A],[N/A]
1784632082.7665,2392,2093,96,0,74,98.37,0x0000000000000000,Not Active,Not Active,Not Active,1,1,5,16,[N/A],[N/A],[N/A]
1784632082.8667,2392,2093,96,0,74,98.37,0x0000000000000000,Not Active,Not Active,Not Active,1,1,5,16,[N/A],[N/A],[N/A]
1784632082.9672,2392,2093,96,0,74,98.37,0x0000000000000000,Not Active,Not Active,Not Active,1,1,5,16,[N/A],[N/A],[N/A]
1784632083.0675,2392,2093,96,0,74,98.37,0x0000000000000000,Not Active,Not Active,Not Active,1,1,5,16,[N/A],[N/A],[N/A]
1784632083.1677,2392,2093,96,0,80,97.30,0x0000000000000004,Active,Not Active,Not Active,1,1,5,16,[N/A],[N/A],[N/A]
1784632083.2681,2392,2093,96,0,80,97.30,0x0000000000000004,Active,Not Active,Not Active,1,1,5,16,[N/A],[N/A],[N/A]
1784632083.3683,2392,2093,96,0,80,97.30,0x0000000000000004,Active,Not Active,Not Active,1,1,5,16,[N/A],[N/A],[N/A]
1784632083.4687,2392,2093,96,0,80,97.30,0x0000000000000004,Active,Not Active,Not Active,1,1,5,16,[N/A],[N/A],[N/A]
1784632083.5692,2392,2093,96,0,80,97.30,0x0000000000000004,Active,Not Active,Not Active,1,1,5,16,[N/A],[N/A],[N/A]
1784632083.6695,2392,2093,96,0,74,97.51,0x0000000000000000,Not Active,Not Active,Not Active,1,1,5,16,[N/A],[N/A],[N/A]
1784632083.7697,2392,2093,96,0,74,97.51,0x0000000000000000,Not Active,Not Active,Not Active,1,1,5,16,[N/A],[N/A],[N/A]
1784632083.87,2392,2093,96,0,74,97.51,0x0000000000000000,Not Active,Not Active,Not Active,1,1,5,16,[N/A],[N/A],[N/A]
1784632083.9702,2392,2093,96,0,74,97.51,0x0000000000000000,Not Active,Not Active,Not Active,1,1,5,16,[N/A],[N/A],[N/A]
1784632084.0703,2392,2093,96,0,74,97.51,0x0000000000000000,Not Active,Not Active,Not Active,1,1,5,16,[N/A],[N/A],[N/A]
1784632084.1709,2392,2093,96,0,78,97.24,0x0000000000000000,Not Active,Not Active,Not Active,1,1,5,16,[N/A],[N/A],[N/A]
1784632084.2714,2392,2093,96,0,78,97.24,0x0000000000000000,Not Active,Not Active,Not Active,1,1,5,16,[N/A],[N/A],[N/A]
1784632084.3717,2392,2093,96,0,78,97.24,0x0000000000000000,Not Active,Not Active,Not Active,1,1,5,16,[N/A],[N/A],[N/A]
1784632084.472,2392,2093,96,0,78,97.24,0x0000000000000000,Not Active,Not Active,Not Active,1,1,5,16,[N/A],[N/A],[N/A]
1784632084.5725,2392,2093,96,0,78,97.24,0x0000000000000000,Not Active,Not Active,Not Active,1,1,5,16,[N/A],[N/A],[N/A]
1784632084.6728,2385,2093,96,0,74,97.48,0x0000000000000004,Active,Not Active,Not Active,1,1,5,16,[N/A],[N/A],[N/A]
1784632084.7731,2385,2093,96,0,74,97.48,0x0000000000000004,Active,Not Active,Not Active,1,1,5,16,[N/A],[N/A],[N/A]
1784632084.8736,2385,2093,96,0,74,97.48,0x0000000000000004,Active,Not Active,Not Active,1,1,5,16,[N/A],[N/A],[N/A]
1784632084.9741,2385,2093,96,0,74,97.48,0x0000000000000004,Active,Not Active,Not Active,1,1,5,16,[N/A],[N/A],[N/A]
1784632085.0743,2385,2093,96,0,74,97.48,0x0000000000000004,Active,Not Active,Not Active,1,1,5,16,[N/A],[N/A],[N/A]
1784632085.1746,2398,2086,96,0,78,97.00,0x0000000000000000,Not Active,Not Active,Not Active,1,1,5,16,[N/A],[N/A],[N/A]
1784632085.2751,2398,2086,96,0,78,97.00,0x0000000000000000,Not Active,Not Active,Not Active,1,1,5,16,[N/A],[N/A],[N/A]
1784632085.3753,2398,2086,96,0,78,97.00,0x0000000000000000,Not Active,Not Active,Not Active,1,1,5,16,[N/A],[N/A],[N/A]
1784632085.4755,2398,2086,96,0,78,97.00,0x0000000000000000,Not Active,Not Active,Not Active,1,1,5,16,[N/A],[N/A],[N/A]
1784632085.576,2398,2086,96,0,78,97.00,0x0000000000000000,Not Active,Not Active,Not Active,1,1,5,16,[N/A],[N/A],[N/A]
1784632085.6765,2385,2093,96,0,80,97.33,0x0000000000000004,Active,Not Active,Not Active,1,1,5,16,[N/A],[N/A],[N/A]
1784632085.777,2385,2093,96,0,80,97.33,0x0000000000000004,Active,Not Active,Not Active,1,1,5,16,[N/A],[N/A],[N/A]
1784632085.8773,2385,2093,96,0,80,97.33,0x0000000000000004,Active,Not Active,Not Active,1,1,5,16,[N/A],[N/A],[N/A]
1784632085.9775,2385,2093,96,0,80,97.33,0x0000000000000004,Active,Not Active,Not Active,1,1,5,16,[N/A],[N/A],[N/A]
1784632086.0778,2385,2093,96,0,80,97.33,0x0000000000000004,Active,Not Active,Not Active,1,1,5,16,[N/A],[N/A],[N/A]
1784632086.178,2392,2093,96,0,78,97.11,0x0000000000000000,Not Active,Not Active,Not Active,1,1,5,16,[N/A],[N/A],[N/A]
1784632086.2785,2392,2093,96,0,78,97.11,0x0000000000000000,Not Active,Not Active,Not Active,1,1,5,16,[N/A],[N/A],[N/A]
1784632086.3788,2392,2093,96,0,78,97.11,0x0000000000000000,Not Active,Not Active,Not Active,1,1,5,16,[N/A],[N/A],[N/A]
1784632086.4789,2392,2093,96,0,78,97.11,0x0000000000000000,Not Active,Not Active,Not Active,1,1,5,16,[N/A],[N/A],[N/A]
1784632086.5792,2392,2093,96,0,78,97.11,0x0000000000000000,Not Active,Not Active,Not Active,1,1,5,16,[N/A],[N/A],[N/A]
1784632086.6795,2385,2086,96,0,79,97.24,0x0000000000000004,Active,Not Active,Not Active,1,1,5,16,[N/A],[N/A],[N/A]
1784632086.7797,2385,2086,96,0,79,97.24,0x0000000000000004,Active,Not Active,Not Active,1,1,5,16,[N/A],[N/A],[N/A]
1784632086.8802,2385,2086,96,0,79,97.24,0x0000000000000004,Active,Not Active,Not Active,1,1,5,16,[N/A],[N/A],[N/A]
1784632086.9803,2385,2086,96,0,79,97.24,0x0000000000000004,Active,Not Active,Not Active,1,1,5,16,[N/A],[N/A],[N/A]
1784632087.081,2385,2086,96,0,79,97.24,0x0000000000000004,Active,Not Active,Not Active,1,1,5,16,[N/A],[N/A],[N/A]
1784632087.1813,2392,2086,96,0,78,97.17,0x0000000000000000,Not Active,Not Active,Not Active,1,1,5,16,[N/A],[N/A],[N/A]
1784632087.2815,2392,2086,96,0,78,97.17,0x0000000000000000,Not Active,Not Active,Not Active,1,1,5,16,[N/A],[N/A],[N/A]
1784632087.3815,2392,2086,96,0,78,97.17,0x0000000000000000,Not Active,Not Active,Not Active,1,1,5,16,[N/A],[N/A],[N/A]
1784632087.4818,2392,2086,96,0,78,97.17,0x0000000000000000,Not Active,Not Active,Not Active,1,1,5,16,[N/A],[N/A],[N/A]
1784632087.5821,2392,2086,96,0,78,97.17,0x0000000000000000,Not Active,Not Active,Not Active,1,1,5,16,[N/A],[N/A],[N/A]
1784632087.683,2379,2086,96,0,79,97.38,0x0000000000000004,Active,Not Active,Not Active,1,1,5,16,[N/A],[N/A],[N/A]
1784632087.783,2379,2086,96,0,79,97.38,0x0000000000000004,Active,Not Active,Not Active,1,1,5,16,[N/A],[N/A],[N/A]
1784632087.8835,2379,2086,96,0,79,97.38,0x0000000000000004,Active,Not Active,Not Active,1,1,5,16,[N/A],[N/A],[N/A]
1784632087.9836,2379,2086,96,0,79,97.38,0x0000000000000004,Active,Not Active,Not Active,1,1,5,16,[N/A],[N/A],[N/A]
1784632088.0837,2379,2086,96,0,79,97.38,0x0000000000000004,Active,Not Active,Not Active,1,1,5,16,[N/A],[N/A],[N/A]
1784632088.1841,2392,2086,96,0,78,97.36,0x0000000000000000,Not Active,Not Active,Not Active,1,1,5,16,[N/A],[N/A],[N/A]
1784632088.2849,2392,2086,96,0,78,97.36,0x0000000000000000,Not Active,Not Active,Not Active,1,1,5,16,[N/A],[N/A],[N/A]
1784632088.3851,2392,2086,96,0,78,97.36,0x0000000000000000,Not Active,Not Active,Not Active,1,1,5,16,[N/A],[N/A],[N/A]
1784632088.4851,2392,2086,96,0,78,97.36,0x0000000000000000,Not Active,Not Active,Not Active,1,1,5,16,[N/A],[N/A],[N/A]
1784632088.5854,2392,2086,96,0,78,97.36,0x0000000000000000,Not Active,Not Active,Not Active,1,1,5,16,[N/A],[N/A],[N/A]
1784632088.6857,2385,2093,96,0,79,97.12,0x0000000000000004,Active,Not Active,Not Active,1,1,5,16,[N/A],[N/A],[N/A]
1784632088.7859,2385,2093,96,0,79,97.12,0x0000000000000004,Active,Not Active,Not Active,1,1,5,16,[N/A],[N/A],[N/A]
1784632088.8862,2385,2093,96,0,79,97.12,0x0000000000000004,Active,Not Active,Not Active,1,1,5,16,[N/A],[N/A],[N/A]
1784632088.987,2385,2093,96,0,79,97.12,0x0000000000000004,Active,Not Active,Not Active,1,1,5,16,[N/A],[N/A],[N/A]
1784632089.087,2385,2093,96,0,79,97.12,0x0000000000000004,Active,Not Active,Not Active,1,1,5,16,[N/A],[N/A],[N/A]
1784632089.1873,2385,2086,96,0,78,97.43,0x0000000000000000,Not Active,Not Active,Not Active,1,1,5,16,[N/A],[N/A],[N/A]
1784632089.288,2385,2086,96,0,78,97.43,0x0000000000000000,Not Active,Not Active,Not Active,1,1,5,16,[N/A],[N/A],[N/A]
1784632089.388,2385,2086,96,0,78,97.43,0x0000000000000000,Not Active,Not Active,Not Active,1,1,5,16,[N/A],[N/A],[N/A]
1784632089.4883,2385,2086,96,0,78,97.43,0x0000000000000000,Not Active,Not Active,Not Active,1,1,5,16,[N/A],[N/A],[N/A]
1784632089.5886,2385,2086,96,0,78,97.43,0x0000000000000000,Not Active,Not Active,Not Active,1,1,5,16,[N/A],[N/A],[N/A]
1784632089.6892,2392,2093,96,0,80,97.17,0x0000000000000004,Active,Not Active,Not Active,1,1,5,16,[N/A],[N/A],[N/A]
1784632089.7894,2392,2093,96,0,80,97.17,0x0000000000000004,Active,Not Active,Not Active,1,1,5,16,[N/A],[N/A],[N/A]
1784632089.8894,2392,2093,96,0,80,97.17,0x0000000000000004,Active,Not Active,Not Active,1,1,5,16,[N/A],[N/A],[N/A]
1784632089.9897,2392,2093,96,0,80,97.17,0x0000000000000004,Active,Not Active,Not Active,1,1,5,16,[N/A],[N/A],[N/A]
1784632090.0899,2392,2093,96,0,80,97.17,0x0000000000000004,Active,Not Active,Not Active,1,1,5,16,[N/A],[N/A],[N/A]
1784632090.1902,2385,2086,96,0,79,97.32,0x0000000000000000,Not Active,Not Active,Not Active,1,1,5,16,[N/A],[N/A],[N/A]
1784632090.2912,2385,2086,96,0,79,97.32,0x0000000000000000,Not Active,Not Active,Not Active,1,1,5,16,[N/A],[N/A],[N/A]
1784632090.3915,2385,2086,96,0,79,97.32,0x0000000000000000,Not Active,Not Active,Not Active,1,1,5,16,[N/A],[N/A],[N/A]
1784632090.4917,2385,2086,96,0,79,97.32,0x0000000000000000,Not Active,Not Active,Not Active,1,1,5,16,[N/A],[N/A],[N/A]
1784632090.592,2385,2086,96,0,79,97.32,0x0000000000000000,Not Active,Not Active,Not Active,1,1,5,16,[N/A],[N/A],[N/A]
1784632090.6923,2392,2093,96,0,80,96.91,0x0000000000000004,Active,Not Active,Not Active,1,1,5,16,[N/A],[N/A],[N/A]
1784632090.7925,2392,2093,96,0,80,96.91,0x0000000000000004,Active,Not Active,Not Active,1,1,5,16,[N/A],[N/A],[N/A]
1784632090.8928,2392,2093,96,0,80,96.91,0x0000000000000004,Active,Not Active,Not Active,1,1,5,16,[N/A],[N/A],[N/A]
1784632090.9963,2392,2093,96,0,80,96.91,0x0000000000000004,Active,Not Active,Not Active,1,1,5,16,[N/A],[N/A],[N/A]
1784632091.0963,2450,2145,45,0,68,86.50,0x0000000000000000,Not Active,Not Active,Not Active,1,1,5,16,[N/A],[N/A],[N/A]
1784632091.1965,2450,2145,45,0,68,86.50,0x0000000000000000,Not Active,Not Active,Not Active,1,1,5,16,[N/A],[N/A],[N/A]
1784632091.2977,2450,2145,45,0,68,86.50,0x0000000000000000,Not Active,Not Active,Not Active,1,1,5,16,[N/A],[N/A],[N/A]
1784632091.3982,2450,2145,45,0,68,86.50,0x0000000000000000,Not Active,Not Active,Not Active,1,1,5,16,[N/A],[N/A],[N/A]
1784632091.4985,2450,2145,45,0,68,86.50,0x0000000000000000,Not Active,Not Active,Not Active,1,1,5,16,[N/A],[N/A],[N/A]
1784632091.5987,2392,2093,96,0,80,87.05,0x0000000000000000,Not Active,Not Active,Not Active,1,1,5,16,[N/A],[N/A],[N/A]
1784632091.6989,2392,2093,96,0,80,87.05,0x0000000000000000,Not Active,Not Active,Not Active,1,1,5,16,[N/A],[N/A],[N/A]
1784632091.7992,2392,2093,96,0,80,87.05,0x0000000000000000,Not Active,Not Active,Not Active,1,1,5,16,[N/A],[N/A],[N/A]
1784632091.8997,2392,2093,96,0,80,87.05,0x0000000000000000,Not Active,Not Active,Not Active,1,1,5,16,[N/A],[N/A],[N/A]
1784632092.0002,2392,2093,96,0,80,87.05,0x0000000000000000,Not Active,Not Active,Not Active,1,1,5,16,[N/A],[N/A],[N/A]
1784632092.1001,2385,2086,96,0,81,97.54,0x0000000000000004,Active,Not Active,Not Active,1,1,5,16,[N/A],[N/A],[N/A]
1784632092.2004,2385,2086,96,0,81,97.54,0x0000000000000004,Active,Not Active,Not Active,1,1,5,16,[N/A],[N/A],[N/A]
1784632092.3007,2385,2086,96,0,81,97.54,0x0000000000000004,Active,Not Active,Not Active,1,1,5,16,[N/A],[N/A],[N/A]
1784632092.4013,2385,2086,96,0,81,97.54,0x0000000000000004,Active,Not Active,Not Active,1,1,5,16,[N/A],[N/A],[N/A]
1784632092.5014,2385,2086,96,0,81,97.54,0x0000000000000004,Active,Not Active,Not Active,1,1,5,16,[N/A],[N/A],[N/A]
1784632092.6019,2392,2093,96,0,77,96.78,0x0000000000000000,Not Active,Not Active,Not Active,1,1,5,16,[N/A],[N/A],[N/A]
1784632092.7019,2392,2093,96,0,77,96.78,0x0000000000000000,Not Active,Not Active,Not Active,1,1,5,16,[N/A],[N/A],[N/A]
1784632092.8022,2392,2093,96,0,77,96.78,0x0000000000000000,Not Active,Not Active,Not Active,1,1,5,16,[N/A],[N/A],[N/A]
1784632092.9025,2392,2093,96,0,77,96.78,0x0000000000000000,Not Active,Not Active,Not Active,1,1,5,16,[N/A],[N/A],[N/A]
1784632093.0027,2392,2093,96,0,77,96.78,0x0000000000000000,Not Active,Not Active,Not Active,1,1,5,16,[N/A],[N/A],[N/A]
1784632093.103,2385,2086,96,0,80,97.23,0x0000000000000004,Active,Not Active,Not Active,1,1,5,16,[N/A],[N/A],[N/A]
1784632093.2035,2385,2086,96,0,80,97.23,0x0000000000000004,Active,Not Active,Not Active,1,1,5,16,[N/A],[N/A],[N/A]
1784632093.3035,2385,2086,96,0,80,97.23,0x0000000000000004,Active,Not Active,Not Active,1,1,5,16,[N/A],[N/A],[N/A]
1784632093.4038,2385,2086,96,0,80,97.23,0x0000000000000004,Active,Not Active,Not Active,1,1,5,16,[N/A],[N/A],[N/A]
1784632093.5041,2385,2086,96,0,80,97.23,0x0000000000000004,Active,Not Active,Not Active,1,1,5,16,[N/A],[N/A],[N/A]
1784632093.6044,2392,2086,96,0,78,96.93,0x0000000000000000,Not Active,Not Active,Not Active,1,1,5,16,[N/A],[N/A],[N/A]
1784632093.7047,2392,2086,96,0,78,96.93,0x0000000000000000,Not Active,Not Active,Not Active,1,1,5,16,[N/A],[N/A],[N/A]
1784632093.8051,2392,2086,96,0,78,96.93,0x0000000000000000,Not Active,Not Active,Not Active,1,1,5,16,[N/A],[N/A],[N/A]
1784632093.9051,2392,2086,96,0,78,96.93,0x0000000000000000,Not Active,Not Active,Not Active,1,1,5,16,[N/A],[N/A],[N/A]
1784632094.0056,2392,2086,96,0,78,96.93,0x0000000000000000,Not Active,Not Active,Not Active,1,1,5,16,[N/A],[N/A],[N/A]
1784632094.1056,2385,2093,96,0,81,97.34,0x0000000000000004,Active,Not Active,Not Active,1,1,5,16,[N/A],[N/A],[N/A]
1784632094.2059,2385,2093,96,0,81,97.34,0x0000000000000004,Active,Not Active,Not Active,1,1,5,16,[N/A],[N/A],[N/A]
1784632094.3061,2385,2093,96,0,81,97.34,0x0000000000000004,Active,Not Active,Not Active,1,1,5,16,[N/A],[N/A],[N/A]
1784632094.4064,2385,2093,96,0,81,97.34,0x0000000000000004,Active,Not Active,Not Active,1,1,5,16,[N/A],[N/A],[N/A]
1784632094.507,2385,2093,96,0,81,97.34,0x0000000000000004,Active,Not Active,Not Active,1,1,5,16,[N/A],[N/A],[N/A]
1784632094.6072,2398,2093,96,0,77,97.29,0x0000000000000000,Not Active,Not Active,Not Active,1,1,5,16,[N/A],[N/A],[N/A]
1784632094.7072,2398,2093,96,0,77,97.29,0x0000000000000000,Not Active,Not Active,Not Active,1,1,5,16,[N/A],[N/A],[N/A]
1784632094.8075,2398,2093,96,0,77,97.29,0x0000000000000000,Not Active,Not Active,Not Active,1,1,5,16,[N/A],[N/A],[N/A]
1784632094.9078,2398,2093,96,0,77,97.29,0x0000000000000000,Not Active,Not Active,Not Active,1,1,5,16,[N/A],[N/A],[N/A]
1784632095.008,2398,2093,96,0,77,97.29,0x0000000000000000,Not Active,Not Active,Not Active,1,1,5,16,[N/A],[N/A],[N/A]
1784632095.1083,2385,2086,96,0,81,97.47,0x0000000000000004,Active,Not Active,Not Active,1,1,5,16,[N/A],[N/A],[N/A]
1784632095.2089,2385,2086,96,0,81,97.47,0x0000000000000004,Active,Not Active,Not Active,1,1,5,16,[N/A],[N/A],[N/A]
1784632095.3095,2385,2086,96,0,81,97.47,0x0000000000000004,Active,Not Active,Not Active,1,1,5,16,[N/A],[N/A],[N/A]
1784632095.4095,2385,2086,96,0,81,97.47,0x0000000000000004,Active,Not Active,Not Active,1,1,5,16,[N/A],[N/A],[N/A]
1784632095.5098,2385,2086,96,0,81,97.47,0x0000000000000004,Active,Not Active,Not Active,1,1,5,16,[N/A],[N/A],[N/A]
1784632095.61,2392,2093,96,0,78,97.39,0x0000000000000000,Not Active,Not Active,Not Active,1,1,5,16,[N/A],[N/A],[N/A]
1784632095.7103,2392,2093,96,0,78,97.39,0x0000000000000000,Not Active,Not Active,Not Active,1,1,5,16,[N/A],[N/A],[N/A]
1784632095.8106,2392,2093,96,0,78,97.39,0x0000000000000000,Not Active,Not Active,Not Active,1,1,5,16,[N/A],[N/A],[N/A]
1784632095.9111,2392,2093,96,0,78,97.39,0x0000000000000000,Not Active,Not Active,Not Active,1,1,5,16,[N/A],[N/A],[N/A]
1784632096.0111,2392,2093,96,0,78,97.39,0x0000000000000000,Not Active,Not Active,Not Active,1,1,5,16,[N/A],[N/A],[N/A]
1784632096.1113,2392,2093,96,0,81,97.43,0x0000000000000004,Active,Not Active,Not Active,1,1,5,16,[N/A],[N/A],[N/A]
1784632096.2116,2392,2093,96,0,81,97.43,0x0000000000000004,Active,Not Active,Not Active,1,1,5,16,[N/A],[N/A],[N/A]
1784632096.3118,2392,2093,96,0,81,97.43,0x0000000000000004,Active,Not Active,Not Active,1,1,5,16,[N/A],[N/A],[N/A]
1784632096.4121,2392,2093,96,0,81,97.43,0x0000000000000004,Active,Not Active,Not Active,1,1,5,16,[N/A],[N/A],[N/A]
1784632096.5125,2392,2093,96,0,81,97.43,0x0000000000000004,Active,Not Active,Not Active,1,1,5,16,[N/A],[N/A],[N/A]
1784632096.6126,2385,2086,96,0,77,97.64,0x0000000000000000,Not Active,Not Active,Not Active,1,1,5,16,[N/A],[N/A],[N/A]
1784632096.7129,2385,2086,96,0,77,97.64,0x0000000000000000,Not Active,Not Active,Not Active,1,1,5,16,[N/A],[N/A],[N/A]
1784632096.813,2385,2086,96,0,77,97.64,0x0000000000000000,Not Active,Not Active,Not Active,1,1,5,16,[N/A],[N/A],[N/A]
1784632096.9137,2385,2086,96,0,77,97.64,0x0000000000000000,Not Active,Not Active,Not Active,1,1,5,16,[N/A],[N/A],[N/A]
1784632097.0141,2385,2086,96,0,77,97.64,0x0000000000000000,Not Active,Not Active,Not Active,1,1,5,16,[N/A],[N/A],[N/A]
1784632097.1143,2392,2093,96,0,81,97.38,0x0000000000000000,Not Active,Not Active,Not Active,1,1,5,16,[N/A],[N/A],[N/A]
1784632097.2149,2392,2093,96,0,81,97.38,0x0000000000000000,Not Active,Not Active,Not Active,1,1,5,16,[N/A],[N/A],[N/A]
1784632097.3148,2392,2093,96,0,81,97.38,0x0000000000000000,Not Active,Not Active,Not Active,1,1,5,16,[N/A],[N/A],[N/A]
1784632097.4151,2392,2093,96,0,81,97.38,0x0000000000000000,Not Active,Not Active,Not Active,1,1,5,16,[N/A],[N/A],[N/A]
1784632097.5153,2392,2093,96,0,81,97.38,0x0000000000000000,Not Active,Not Active,Not Active,1,1,5,16,[N/A],[N/A],[N/A]
1784632097.6161,2392,2086,96,0,78,97.36,0x0000000000000000,Not Active,Not Active,Not Active,1,1,5,16,[N/A],[N/A],[N/A]
1784632097.7164,2392,2086,96,0,78,97.36,0x0000000000000000,Not Active,Not Active,Not Active,1,1,5,16,[N/A],[N/A],[N/A]
1784632097.8166,2392,2086,96,0,78,97.36,0x0000000000000000,Not Active,Not Active,Not Active,1,1,5,16,[N/A],[N/A],[N/A]
1784632097.9174,2392,2086,96,0,78,97.36,0x0000000000000000,Not Active,Not Active,Not Active,1,1,5,16,[N/A],[N/A],[N/A]
1784632098.0175,2392,2086,96,0,78,97.36,0x0000000000000000,Not Active,Not Active,Not Active,1,1,5,16,[N/A],[N/A],[N/A]
1784632098.1176,2392,2093,96,0,81,96.93,0x0000000000000000,Not Active,Not Active,Not Active,1,1,5,16,[N/A],[N/A],[N/A]
1784632098.2179,2392,2093,96,0,81,96.93,0x0000000000000000,Not Active,Not Active,Not Active,1,1,5,16,[N/A],[N/A],[N/A]
1784632098.3182,2392,2093,96,0,81,96.93,0x0000000000000000,Not Active,Not Active,Not Active,1,1,5,16,[N/A],[N/A],[N/A]
1784632098.4184,2392,2093,96,0,81,96.93,0x0000000000000000,Not Active,Not Active,Not Active,1,1,5,16,[N/A],[N/A],[N/A]
1784632098.519,2392,2093,96,0,81,96.93,0x0000000000000000,Not Active,Not Active,Not Active,1,1,5,16,[N/A],[N/A],[N/A]
1784632098.6194,2392,2086,96,0,78,96.67,0x0000000000000004,Active,Not Active,Not Active,1,1,5,16,[N/A],[N/A],[N/A]
1784632098.7195,2392,2086,96,0,78,96.67,0x0000000000000004,Active,Not Active,Not Active,1,1,5,16,[N/A],[N/A],[N/A]
1784632098.82,2392,2086,96,0,78,96.67,0x0000000000000004,Active,Not Active,Not Active,1,1,5,16,[N/A],[N/A],[N/A]
1784632098.92,2392,2086,96,0,78,96.67,0x0000000000000004,Active,Not Active,Not Active,1,1,5,16,[N/A],[N/A],[N/A]
1784632099.0202,2392,2086,96,0,78,96.67,0x0000000000000004,Active,Not Active,Not Active,1,1,5,16,[N/A],[N/A],[N/A]
1784632099.1205,2392,2093,96,0,81,96.36,0x0000000000000000,Not Active,Not Active,Not Active,1,1,5,16,[N/A],[N/A],[N/A]
1784632099.2208,2392,2093,96,0,81,96.36,0x0000000000000000,Not Active,Not Active,Not Active,1,1,5,16,[N/A],[N/A],[N/A]
1784632099.3213,2392,2093,96,0,81,96.36,0x0000000000000000,Not Active,Not Active,Not Active,1,1,5,16,[N/A],[N/A],[N/A]
1784632099.4215,2392,2093,96,0,81,96.36,0x0000000000000000,Not Active,Not Active,Not Active,1,1,5,16,[N/A],[N/A],[N/A]
1784632099.5215,2392,2093,96,0,81,96.36,0x0000000000000000,Not Active,Not Active,Not Active,1,1,5,16,[N/A],[N/A],[N/A]
1784632099.6218,2392,2086,96,0,81,96.55,0x0000000000000004,Active,Not Active,Not Active,1,1,5,16,[N/A],[N/A],[N/A]
1784632099.7221,2392,2086,96,0,81,96.55,0x0000000000000004,Active,Not Active,Not Active,1,1,5,16,[N/A],[N/A],[N/A]
1784632099.8223,2392,2086,96,0,81,96.55,0x0000000000000004,Active,Not Active,Not Active,1,1,5,16,[N/A],[N/A],[N/A]
1784632099.9226,2392,2086,96,0,81,96.55,0x0000000000000004,Active,Not Active,Not Active,1,1,5,16,[N/A],[N/A],[N/A]
1784632100.0231,2392,2086,96,0,81,96.55,0x0000000000000004,Active,Not Active,Not Active,1,1,5,16,[N/A],[N/A],[N/A]
1784632100.1231,2398,2093,96,0,81,96.44,0x0000000000000000,Not Active,Not Active,Not Active,1,1,5,16,[N/A],[N/A],[N/A]
1784632100.2236,2398,2093,96,0,81,96.44,0x0000000000000000,Not Active,Not Active,Not Active,1,1,5,16,[N/A],[N/A],[N/A]
1784632100.3237,2398,2093,96,0,81,96.44,0x0000000000000000,Not Active,Not Active,Not Active,1,1,5,16,[N/A],[N/A],[N/A]
1784632100.4239,2398,2093,96,0,81,96.44,0x0000000000000000,Not Active,Not Active,Not Active,1,1,5,16,[N/A],[N/A],[N/A]
1784632100.5242,2398,2093,96,0,81,96.44,0x0000000000000000,Not Active,Not Active,Not Active,1,1,5,16,[N/A],[N/A],[N/A]
1784632100.6245,2405,2099,63,0,69,91.52,0x0000000000000000,Not Active,Not Active,Not Active,1,1,5,16,[N/A],[N/A],[N/A]
1784632100.7248,2405,2099,63,0,69,91.52,0x0000000000000000,Not Active,Not Active,Not Active,1,1,5,16,[N/A],[N/A],[N/A]
1784632100.825,2405,2099,63,0,69,91.52,0x0000000000000000,Not Active,Not Active,Not Active,1,1,5,16,[N/A],[N/A],[N/A]
1784632100.9255,2405,2099,63,0,69,91.52,0x0000000000000000,Not Active,Not Active,Not Active,1,1,5,16,[N/A],[N/A],[N/A]
1784632101.0256,2405,2099,63,0,69,91.52,0x0000000000000000,Not Active,Not Active,Not Active,1,1,5,16,[N/A],[N/A],[N/A]
1784632101.1259,2392,2093,96,0,82,86.16,0x0000000000000004,Active,Not Active,Not Active,1,1,5,16,[N/A],[N/A],[N/A]
1784632101.2265,2392,2093,96,0,82,86.16,0x0000000000000004,Active,Not Active,Not Active,1,1,5,16,[N/A],[N/A],[N/A]
1784632101.3267,2392,2093,96,0,82,86.16,0x0000000000000004,Active,Not Active,Not Active,1,1,5,16,[N/A],[N/A],[N/A]
1784632101.4273,2392,2093,96,0,82,86.16,0x0000000000000004,Active,Not Active,Not Active,1,1,5,16,[N/A],[N/A],[N/A]
1784632101.5273,2392,2093,96,0,82,86.16,0x0000000000000004,Active,Not Active,Not Active,1,1,5,16,[N/A],[N/A],[N/A]
1784632101.6276,2392,2080,96,0,75,91.71,0x0000000000000000,Not Active,Not Active,Not Active,1,1,5,16,[N/A],[N/A],[N/A]
1784632101.7278,2392,2080,96,0,75,91.71,0x0000000000000000,Not Active,Not Active,Not Active,1,1,5,16,[N/A],[N/A],[N/A]
1784632101.8284,2392,2080,96,0,75,91.71,0x0000000000000000,Not Active,Not Active,Not Active,1,1,5,16,[N/A],[N/A],[N/A]
1784632101.9284,2392,2080,96,0,75,91.71,0x0000000000000000,Not Active,Not Active,Not Active,1,1,5,16,[N/A],[N/A],[N/A]
1784632102.0286,2392,2080,96,0,75,91.71,0x0000000000000000,Not Active,Not Active,Not Active,1,1,5,16,[N/A],[N/A],[N/A]
1784632102.1292,2379,2080,96,0,82,97.18,0x0000000000000004,Active,Not Active,Not Active,1,1,5,16,[N/A],[N/A],[N/A]
1784632102.2291,2379,2080,96,0,82,97.18,0x0000000000000004,Active,Not Active,Not Active,1,1,5,16,[N/A],[N/A],[N/A]
1784632102.3294,2379,2080,96,0,82,97.18,0x0000000000000004,Active,Not Active,Not Active,1,1,5,16,[N/A],[N/A],[N/A]
1784632102.4297,2379,2080,96,0,82,97.18,0x0000000000000004,Active,Not Active,Not Active,1,1,5,16,[N/A],[N/A],[N/A]
1784632102.5302,2379,2080,96,0,82,97.18,0x0000000000000004,Active,Not Active,Not Active,1,1,5,16,[N/A],[N/A],[N/A]
1784632102.6304,2385,2080,96,0,76,97.52,0x0000000000000000,Not Active,Not Active,Not Active,1,1,5,16,[N/A],[N/A],[N/A]
1784632102.7305,2385,2080,96,0,76,97.52,0x0000000000000000,Not Active,Not Active,Not Active,1,1,5,16,[N/A],[N/A],[N/A]
1784632102.8307,2385,2080,96,0,76,97.52,0x0000000000000000,Not Active,Not Active,Not Active,1,1,5,16,[N/A],[N/A],[N/A]
1784632102.931,2385,2080,96,0,76,97.52,0x0000000000000000,Not Active,Not Active,Not Active,1,1,5,16,[N/A],[N/A],[N/A]
1784632103.0313,2385,2080,96,0,76,97.52,0x0000000000000000,Not Active,Not Active,Not Active,1,1,5,16,[N/A],[N/A],[N/A]
1784632103.1315,2385,2086,96,0,82,97.16,0x0000000000000004,Active,Not Active,Not Active,1,1,5,16,[N/A],[N/A],[N/A]
1784632103.232,2385,2086,96,0,82,97.16,0x0000000000000004,Active,Not Active,Not Active,1,1,5,16,[N/A],[N/A],[N/A]
1784632103.3323,2385,2086,96,0,82,97.16,0x0000000000000004,Active,Not Active,Not Active,1,1,5,16,[N/A],[N/A],[N/A]
1784632103.4323,2385,2086,96,0,82,97.16,0x0000000000000004,Active,Not Active,Not Active,1,1,5,16,[N/A],[N/A],[N/A]
1784632103.5325,2385,2086,96,0,82,97.16,0x0000000000000004,Active,Not Active,Not Active,1,1,5,16,[N/A],[N/A],[N/A]
1784632103.6328,2385,2080,96,0,77,97.20,0x0000000000000000,Not Active,Not Active,Not Active,1,1,5,16,[N/A],[N/A],[N/A]
1784632103.7331,2385,2080,96,0,77,97.20,0x0000000000000000,Not Active,Not Active,Not Active,1,1,5,16,[N/A],[N/A],[N/A]
1784632103.8338,2385,2080,96,0,77,97.20,0x0000000000000000,Not Active,Not Active,Not Active,1,1,5,16,[N/A],[N/A],[N/A]
1784632103.9345,2385,2080,96,0,77,97.20,0x0000000000000000,Not Active,Not Active,Not Active,1,1,5,16,[N/A],[N/A],[N/A]
1784632104.0347,2385,2080,96,0,77,97.20,0x0000000000000000,Not Active,Not Active,Not Active,1,1,5,16,[N/A],[N/A],[N/A]
1784632104.135,2379,2086,96,0,82,97.07,0x0000000000000000,Not Active,Not Active,Not Active,1,1,5,16,[N/A],[N/A],[N/A]
1784632104.2352,2379,2086,96,0,82,97.07,0x0000000000000000,Not Active,Not Active,Not Active,1,1,5,16,[N/A],[N/A],[N/A]
1784632104.3355,2379,2086,96,0,82,97.07,0x0000000000000000,Not Active,Not Active,Not Active,1,1,5,16,[N/A],[N/A],[N/A]
1784632104.4358,2379,2086,96,0,82,97.07,0x0000000000000000,Not Active,Not Active,Not Active,1,1,5,16,[N/A],[N/A],[N/A]
1784632104.537,2379,2086,96,0,82,97.07,0x0000000000000000,Not Active,Not Active,Not Active,1,1,5,16,[N/A],[N/A],[N/A]
1784632104.637,2385,2086,96,0,78,97.34,0x0000000000000000,Not Active,Not Active,Not Active,1,1,5,16,[N/A],[N/A],[N/A]
1784632104.7375,2385,2086,96,0,78,97.34,0x0000000000000000,Not Active,Not Active,Not Active,1,1,5,16,[N/A],[N/A],[N/A]
1784632104.8376,2385,2086,96,0,78,97.34,0x0000000000000000,Not Active,Not Active,Not Active,1,1,5,16,[N/A],[N/A],[N/A]
1784632104.9378,2385,2086,96,0,78,97.34,0x0000000000000000,Not Active,Not Active,Not Active,1,1,5,16,[N/A],[N/A],[N/A]
1784632105.0381,2385,2086,96,0,78,97.34,0x0000000000000000,Not Active,Not Active,Not Active,1,1,5,16,[N/A],[N/A],[N/A]
1784632105.1384,2385,2086,96,0,81,97.27,0x0000000000000000,Not Active,Not Active,Not Active,1,1,5,16,[N/A],[N/A],[N/A]
1784632105.239,2385,2086,96,0,81,97.27,0x0000000000000000,Not Active,Not Active,Not Active,1,1,5,16,[N/A],[N/A],[N/A]
1784632105.3392,2385,2086,96,0,81,97.27,0x0000000000000000,Not Active,Not Active,Not Active,1,1,5,16,[N/A],[N/A],[N/A]
1784632105.4393,2385,2086,96,0,81,97.27,0x0000000000000000,Not Active,Not Active,Not Active,1,1,5,16,[N/A],[N/A],[N/A]
1784632105.5396,2385,2086,96,0,81,97.27,0x0000000000000000,Not Active,Not Active,Not Active,1,1,5,16,[N/A],[N/A],[N/A]
1784632105.6398,2392,2086,96,0,79,97.26,0x0000000000000004,Active,Not Active,Not Active,1,1,5,16,[N/A],[N/A],[N/A]
1784632105.7401,2392,2086,96,0,79,97.26,0x0000000000000004,Active,Not Active,Not Active,1,1,5,16,[N/A],[N/A],[N/A]
1784632105.8403,2392,2086,96,0,79,97.26,0x0000000000000004,Active,Not Active,Not Active,1,1,5,16,[N/A],[N/A],[N/A]
1784632105.941,2392,2086,96,0,79,97.26,0x0000000000000004,Active,Not Active,Not Active,1,1,5,16,[N/A],[N/A],[N/A]
1784632106.0412,2392,2086,96,0,79,97.26,0x0000000000000004,Active,Not Active,Not Active,1,1,5,16,[N/A],[N/A],[N/A]
1784632106.1415,2385,2086,96,0,80,96.98,0x0000000000000000,Not Active,Not Active,Not Active,1,1,5,16,[N/A],[N/A],[N/A]
1784632106.2414,2385,2086,96,0,80,96.98,0x0000000000000000,Not Active,Not Active,Not Active,1,1,5,16,[N/A],[N/A],[N/A]
1784632106.3418,2385,2086,96,0,80,96.98,0x0000000000000000,Not Active,Not Active,Not Active,1,1,5,16,[N/A],[N/A],[N/A]
1784632106.4421,2385,2086,96,0,80,96.98,0x0000000000000000,Not Active,Not Active,Not Active,1,1,5,16,[N/A],[N/A],[N/A]
1784632106.5423,2385,2086,96,0,80,96.98,0x0000000000000000,Not Active,Not Active,Not Active,1,1,5,16,[N/A],[N/A],[N/A]
1784632106.6428,2392,2086,96,0,82,97.23,0x0000000000000004,Active,Not Active,Not Active,1,1,5,16,[N/A],[N/A],[N/A]
1784632106.7429,2392,2086,96,0,82,97.23,0x0000000000000004,Active,Not Active,Not Active,1,1,5,16,[N/A],[N/A],[N/A]
1784632106.8431,2392,2086,96,0,82,97.23,0x0000000000000004,Active,Not Active,Not Active,1,1,5,16,[N/A],[N/A],[N/A]
1784632106.9433,2392,2086,96,0,82,97.23,0x0000000000000004,Active,Not Active,Not Active,1,1,5,16,[N/A],[N/A],[N/A]
1784632107.0436,2392,2086,96,0,82,97.23,0x0000000000000004,Active,Not Active,Not Active,1,1,5,16,[N/A],[N/A],[N/A]
1784632107.1439,2392,2093,96,0,81,97.04,0x0000000000000000,Not Active,Not Active,Not Active,1,1,5,16,[N/A],[N/A],[N/A]
1784632107.2441,2392,2093,96,0,81,97.04,0x0000000000000000,Not Active,Not Active,Not Active,1,1,5,16,[N/A],[N/A],[N/A]
1784632107.3445,2392,2093,96,0,81,97.04,0x0000000000000000,Not Active,Not Active,Not Active,1,1,5,16,[N/A],[N/A],[N/A]
1784632107.4446,2392,2093,96,0,81,97.04,0x0000000000000000,Not Active,Not Active,Not Active,1,1,5,16,[N/A],[N/A],[N/A]
1784632107.5448,2392,2093,96,0,81,97.04,0x0000000000000000,Not Active,Not Active,Not Active,1,1,5,16,[N/A],[N/A],[N/A]
1784632107.6451,2392,2080,96,0,81,96.92,0x0000000000000004,Active,Not Active,Not Active,1,1,5,16,[N/A],[N/A],[N/A]
1784632107.7453,2392,2080,96,0,81,96.92,0x0000000000000004,Active,Not Active,Not Active,1,1,5,16,[N/A],[N/A],[N/A]
1784632107.8456,2392,2080,96,0,81,96.92,0x0000000000000004,Active,Not Active,Not Active,1,1,5,16,[N/A],[N/A],[N/A]
1784632107.9462,2392,2080,96,0,81,96.92,0x0000000000000004,Active,Not Active,Not Active,1,1,5,16,[N/A],[N/A],[N/A]
1784632108.0465,2392,2080,96,0,81,96.92,0x0000000000000004,Active,Not Active,Not Active,1,1,5,16,[N/A],[N/A],[N/A]
1784632108.1469,2385,2080,96,0,81,96.24,0x0000000000000004,Active,Not Active,Not Active,1,1,5,16,[N/A],[N/A],[N/A]
1784632108.2469,2385,2080,96,0,81,96.24,0x0000000000000004,Active,Not Active,Not Active,1,1,5,16,[N/A],[N/A],[N/A]
1784632108.3471,2385,2080,96,0,81,96.24,0x0000000000000004,Active,Not Active,Not Active,1,1,5,16,[N/A],[N/A],[N/A]
1784632108.4475,2385,2080,96,0,81,96.24,0x0000000000000004,Active,Not Active,Not Active,1,1,5,16,[N/A],[N/A],[N/A]
1784632108.5479,2385,2080,96,0,81,96.24,0x0000000000000004,Active,Not Active,Not Active,1,1,5,16,[N/A],[N/A],[N/A]
1784632108.6484,2385,2073,96,0,80,95.72,0x0000000000000000,Not Active,Not Active,Not Active,1,1,5,16,[N/A],[N/A],[N/A]
1784632108.7495,2385,2073,96,0,80,95.72,0x0000000000000000,Not Active,Not Active,Not Active,1,1,5,16,[N/A],[N/A],[N/A]
1784632108.8493,2385,2073,96,0,80,95.72,0x0000000000000000,Not Active,Not Active,Not Active,1,1,5,16,[N/A],[N/A],[N/A]
1784632108.95,2385,2073,96,0,80,95.72,0x0000000000000000,Not Active,Not Active,Not Active,1,1,5,16,[N/A],[N/A],[N/A]
1784632109.0499,2385,2073,96,0,80,95.72,0x0000000000000000,Not Active,Not Active,Not Active,1,1,5,16,[N/A],[N/A],[N/A]
1784632109.1505,2385,2080,96,0,81,95.81,0x0000000000000004,Active,Not Active,Not Active,1,1,5,16,[N/A],[N/A],[N/A]
1784632109.2508,2385,2080,96,0,81,95.81,0x0000000000000004,Active,Not Active,Not Active,1,1,5,16,[N/A],[N/A],[N/A]
1784632109.351,2385,2080,96,0,81,95.81,0x0000000000000004,Active,Not Active,Not Active,1,1,5,16,[N/A],[N/A],[N/A]
1784632109.4515,2385,2080,96,0,81,95.81,0x0000000000000004,Active,Not Active,Not Active,1,1,5,16,[N/A],[N/A],[N/A]
1784632109.5517,2385,2080,96,0,81,95.81,0x0000000000000004,Active,Not Active,Not Active,1,1,5,16,[N/A],[N/A],[N/A]
1784632109.652,2379,2073,96,0,79,96.02,0x0000000000000000,Not Active,Not Active,Not Active,1,1,5,16,[N/A],[N/A],[N/A]
1784632109.7523,2379,2073,96,0,79,96.02,0x0000000000000000,Not Active,Not Active,Not Active,1,1,5,16,[N/A],[N/A],[N/A]
1784632109.8525,2379,2073,96,0,79,96.02,0x0000000000000000,Not Active,Not Active,Not Active,1,1,5,16,[N/A],[N/A],[N/A]
1784632109.9528,2379,2073,96,0,79,96.02,0x0000000000000000,Not Active,Not Active,Not Active,1,1,5,16,[N/A],[N/A],[N/A]
1784632110.0533,2379,2073,96,0,79,96.02,0x0000000000000000,Not Active,Not Active,Not Active,1,1,5,16,[N/A],[N/A],[N/A]
1784632110.1536,2385,2086,96,0,81,95.91,0x0000000000000004,Active,Not Active,Not Active,1,1,5,16,[N/A],[N/A],[N/A]
1784632110.254,2385,2086,96,0,81,95.91,0x0000000000000004,Active,Not Active,Not Active,1,1,5,16,[N/A],[N/A],[N/A]
1784632110.3543,2385,2086,96,0,81,95.91,0x0000000000000004,Active,Not Active,Not Active,1,1,5,16,[N/A],[N/A],[N/A]
1784632110.455,2385,2086,96,0,81,95.91,0x0000000000000004,Active,Not Active,Not Active,1,1,5,16,[N/A],[N/A],[N/A]
1784632110.5552,2385,2086,96,0,81,95.91,0x0000000000000004,Active,Not Active,Not Active,1,1,5,16,[N/A],[N/A],[N/A]
1784632110.6569,2411,2106,96,0,81,88.59,0x0000000000000004,Active,Not Active,Not Active,1,1,5,16,[N/A],[N/A],[N/A]
1784632110.7571,2411,2106,96,0,81,88.59,0x0000000000000004,Active,Not Active,Not Active,1,1,5,16,[N/A],[N/A],[N/A]
1784632110.8574,2411,2106,96,0,81,88.59,0x0000000000000004,Active,Not Active,Not Active,1,1,5,16,[N/A],[N/A],[N/A]
1784632110.9575,2411,2106,96,0,81,88.59,0x0000000000000004,Active,Not Active,Not Active,1,1,5,16,[N/A],[N/A],[N/A]
1784632111.0578,2411,2106,96,0,81,88.59,0x0000000000000004,Active,Not Active,Not Active,1,1,5,16,[N/A],[N/A],[N/A]
1784632111.158,2385,2080,96,0,79,89.77,0x0000000000000004,Active,Not Active,Not Active,1,1,5,16,[N/A],[N/A],[N/A]
1784632111.2583,2385,2080,96,0,79,89.77,0x0000000000000004,Active,Not Active,Not Active,1,1,5,16,[N/A],[N/A],[N/A]
1784632111.3588,2385,2080,96,0,79,89.77,0x0000000000000004,Active,Not Active,Not Active,1,1,5,16,[N/A],[N/A],[N/A]
1784632111.4591,2385,2080,96,0,79,89.77,0x0000000000000004,Active,Not Active,Not Active,1,1,5,16,[N/A],[N/A],[N/A]
1784632111.5591,2385,2080,96,0,79,89.77,0x0000000000000004,Active,Not Active,Not Active,1,1,5,16,[N/A],[N/A],[N/A]
1784632111.6593,2379,2080,96,0,81,97.17,0x0000000000000004,Active,Not Active,Not Active,1,1,5,16,[N/A],[N/A],[N/A]
1784632111.7596,2379,2080,96,0,81,97.17,0x0000000000000004,Active,Not Active,Not Active,1,1,5,16,[N/A],[N/A],[N/A]
1784632111.8599,2379,2080,96,0,81,97.17,0x0000000000000004,Active,Not Active,Not Active,1,1,5,16,[N/A],[N/A],[N/A]
1784632111.9602,2379,2080,96,0,81,97.17,0x0000000000000004,Active,Not Active,Not Active,1,1,5,16,[N/A],[N/A],[N/A]
1784632112.0603,2379,2080,96,0,81,97.17,0x0000000000000004,Active,Not Active,Not Active,1,1,5,16,[N/A],[N/A],[N/A]
1784632112.1609,2385,2086,96,0,81,97.22,0x0000000000000000,Not Active,Not Active,Not Active,1,1,5,16,[N/A],[N/A],[N/A]
1784632112.2609,2385,2086,96,0,81,97.22,0x0000000000000000,Not Active,Not Active,Not Active,1,1,5,16,[N/A],[N/A],[N/A]
1784632112.3612,2385,2086,96,0,81,97.22,0x0000000000000000,Not Active,Not Active,Not Active,1,1,5,16,[N/A],[N/A],[N/A]
1784632112.4615,2385,2086,96,0,81,97.22,0x0000000000000000,Not Active,Not Active,Not Active,1,1,5,16,[N/A],[N/A],[N/A]
1784632112.5618,2385,2086,96,0,81,97.22,0x0000000000000000,Not Active,Not Active,Not Active,1,1,5,16,[N/A],[N/A],[N/A]
1784632112.6623,2385,2086,96,0,80,97.03,0x0000000000000000,Not Active,Not Active,Not Active,1,1,5,16,[N/A],[N/A],[N/A]
1784632112.7625,2385,2086,96,0,80,97.03,0x0000000000000000,Not Active,Not Active,Not Active,1,1,5,16,[N/A],[N/A],[N/A]
1784632112.8629,2385,2086,96,0,80,97.03,0x0000000000000000,Not Active,Not Active,Not Active,1,1,5,16,[N/A],[N/A],[N/A]
1784632112.9629,2385,2086,96,0,80,97.03,0x0000000000000000,Not Active,Not Active,Not Active,1,1,5,16,[N/A],[N/A],[N/A]
1784632113.0632,2385,2086,96,0,80,97.03,0x0000000000000000,Not Active,Not Active,Not Active,1,1,5,16,[N/A],[N/A],[N/A]
1784632113.1634,2385,2086,96,0,81,97.31,0x0000000000000000,Not Active,Not Active,Not Active,1,1,5,16,[N/A],[N/A],[N/A]
1784632113.2637,2385,2086,96,0,81,97.31,0x0000000000000000,Not Active,Not Active,Not Active,1,1,5,16,[N/A],[N/A],[N/A]
1784632113.3642,2385,2086,96,0,81,97.31,0x0000000000000000,Not Active,Not Active,Not Active,1,1,5,16,[N/A],[N/A],[N/A]
1784632113.4645,2385,2086,96,0,81,97.31,0x0000000000000000,Not Active,Not Active,Not Active,1,1,5,16,[N/A],[N/A],[N/A]
1784632113.5647,2385,2086,96,0,81,97.31,0x0000000000000000,Not Active,Not Active,Not Active,1,1,5,16,[N/A],[N/A],[N/A]
1784632113.6648,2392,2086,96,0,79,97.29,0x0000000000000000,Not Active,Not Active,Not Active,1,1,5,16,[N/A],[N/A],[N/A]
1784632113.765,2392,2086,96,0,79,97.29,0x0000000000000000,Not Active,Not Active,Not Active,1,1,5,16,[N/A],[N/A],[N/A]
1784632113.8653,2392,2086,96,0,79,97.29,0x0000000000000000,Not Active,Not Active,Not Active,1,1,5,16,[N/A],[N/A],[N/A]
1784632113.9656,2392,2086,96,0,79,97.29,0x0000000000000000,Not Active,Not Active,Not Active,1,1,5,16,[N/A],[N/A],[N/A]
1784632114.0659,2392,2086,96,0,79,97.29,0x0000000000000000,Not Active,Not Active,Not Active,1,1,5,16,[N/A],[N/A],[N/A]
1784632114.1662,2385,2086,96,0,80,97.46,0x0000000000000000,Not Active,Not Active,Not Active,1,1,5,16,[N/A],[N/A],[N/A]
1784632114.2667,2385,2086,96,0,80,97.46,0x0000000000000000,Not Active,Not Active,Not Active,1,1,5,16,[N/A],[N/A],[N/A]
1784632114.3667,2385,2086,96,0,80,97.46,0x0000000000000000,Not Active,Not Active,Not Active,1,1,5,16,[N/A],[N/A],[N/A]
1784632114.4669,2385,2086,96,0,80,97.46,0x0000000000000000,Not Active,Not Active,Not Active,1,1,5,16,[N/A],[N/A],[N/A]
1784632114.5674,2385,2086,96,0,80,97.46,0x0000000000000000,Not Active,Not Active,Not Active,1,1,5,16,[N/A],[N/A],[N/A]
1784632114.6677,2392,2086,96,0,80,97.26,0x0000000000000000,Not Active,Not Active,Not Active,1,1,5,16,[N/A],[N/A],[N/A]
1784632114.768,2392,2086,96,0,80,97.26,0x0000000000000000,Not Active,Not Active,Not Active,1,1,5,16,[N/A],[N/A],[N/A]
1784632114.8685,2392,2086,96,0,80,97.26,0x0000000000000000,Not Active,Not Active,Not Active,1,1,5,16,[N/A],[N/A],[N/A]
1784632114.9688,2392,2086,96,0,80,97.26,0x0000000000000000,Not Active,Not Active,Not Active,1,1,5,16,[N/A],[N/A],[N/A]
1784632115.069,2392,2086,96,0,80,97.26,0x0000000000000000,Not Active,Not Active,Not Active,1,1,5,16,[N/A],[N/A],[N/A]
1784632115.169,2392,2086,96,0,77,97.49,0x0000000000000000,Not Active,Not Active,Not Active,1,1,5,16,[N/A],[N/A],[N/A]
1784632115.2692,2392,2086,96,0,77,97.49,0x0000000000000000,Not Active,Not Active,Not Active,1,1,5,16,[N/A],[N/A],[N/A]
1784632115.3696,2392,2086,96,0,77,97.49,0x0000000000000000,Not Active,Not Active,Not Active,1,1,5,16,[N/A],[N/A],[N/A]
1784632115.4701,2392,2086,96,0,77,97.49,0x0000000000000000,Not Active,Not Active,Not Active,1,1,5,16,[N/A],[N/A],[N/A]
1784632115.5704,2392,2086,96,0,77,97.49,0x0000000000000000,Not Active,Not Active,Not Active,1,1,5,16,[N/A],[N/A],[N/A]
1784632115.6703,2392,2093,96,0,80,97.44,0x0000000000000000,Not Active,Not Active,Not Active,1,1,5,16,[N/A],[N/A],[N/A]
1784632115.7706,2392,2093,96,0,80,97.44,0x0000000000000000,Not Active,Not Active,Not Active,1,1,5,16,[N/A],[N/A],[N/A]
1784632115.8709,2392,2093,96,0,80,97.44,0x0000000000000000,Not Active,Not Active,Not Active,1,1,5,16,[N/A],[N/A],[N/A]
1784632115.9711,2392,2093,96,0,80,97.44,0x0000000000000000,Not Active,Not Active,Not Active,1,1,5,16,[N/A],[N/A],[N/A]
1784632116.0715,2392,2093,96,0,80,97.44,0x0000000000000000,Not Active,Not Active,Not Active,1,1,5,16,[N/A],[N/A],[N/A]
1784632116.1719,2385,2080,96,0,76,96.97,0x0000000000000000,Not Active,Not Active,Not Active,1,1,5,16,[N/A],[N/A],[N/A]
1784632116.2722,2385,2080,96,0,76,96.97,0x0000000000000000,Not Active,Not Active,Not Active,1,1,5,16,[N/A],[N/A],[N/A]
1784632116.3722,2385,2080,96,0,76,96.97,0x0000000000000000,Not Active,Not Active,Not Active,1,1,5,16,[N/A],[N/A],[N/A]
1784632116.4725,2385,2080,96,0,76,96.97,0x0000000000000000,Not Active,Not Active,Not Active,1,1,5,16,[N/A],[N/A],[N/A]
1784632116.5727,2385,2080,96,0,76,96.97,0x0000000000000000,Not Active,Not Active,Not Active,1,1,5,16,[N/A],[N/A],[N/A]
1784632116.673,2385,2080,96,0,81,96.17,0x0000000000000000,Not Active,Not Active,Not Active,1,1,5,16,[N/A],[N/A],[N/A]
1784632116.7736,2385,2080,96,0,81,96.17,0x0000000000000000,Not Active,Not Active,Not Active,1,1,5,16,[N/A],[N/A],[N/A]
1784632116.8738,2385,2080,96,0,81,96.17,0x0000000000000000,Not Active,Not Active,Not Active,1,1,5,16,[N/A],[N/A],[N/A]
1784632116.974,2385,2080,96,0,81,96.17,0x0000000000000000,Not Active,Not Active,Not Active,1,1,5,16,[N/A],[N/A],[N/A]
1784632117.0748,2385,2080,96,0,81,96.17,0x0000000000000000,Not Active,Not Active,Not Active,1,1,5,16,[N/A],[N/A],[N/A]
1784632117.175,2379,2080,96,0,76,95.99,0x0000000000000000,Not Active,Not Active,Not Active,1,1,5,16,[N/A],[N/A],[N/A]
1784632117.2753,2379,2080,96,0,76,95.99,0x0000000000000000,Not Active,Not Active,Not Active,1,1,5,16,[N/A],[N/A],[N/A]
1784632117.3757,2379,2080,96,0,76,95.99,0x0000000000000000,Not Active,Not Active,Not Active,1,1,5,16,[N/A],[N/A],[N/A]
1784632117.4769,2379,2080,96,0,76,95.99,0x0000000000000000,Not Active,Not Active,Not Active,1,1,5,16,[N/A],[N/A],[N/A]
1784632117.5779,2379,2080,96,0,76,95.99,0x0000000000000000,Not Active,Not Active,Not Active,1,1,5,16,[N/A],[N/A],[N/A]
1784632117.6781,2392,2080,96,0,81,96.12,0x0000000000000000,Not Active,Not Active,Not Active,1,1,5,16,[N/A],[N/A],[N/A]
1784632117.7781,2392,2080,96,0,81,96.12,0x0000000000000000,Not Active,Not Active,Not Active,1,1,5,16,[N/A],[N/A],[N/A]
1784632117.8784,2392,2080,96,0,81,96.12,0x0000000000000000,Not Active,Not Active,Not Active,1,1,5,16,[N/A],[N/A],[N/A]
1784632117.9786,2392,2080,96,0,81,96.12,0x0000000000000000,Not Active,Not Active,Not Active,1,1,5,16,[N/A],[N/A],[N/A]
1784632118.0789,2392,2080,96,0,81,96.12,0x0000000000000000,Not Active,Not Active,Not Active,1,1,5,16,[N/A],[N/A],[N/A]
1784632118.1794,2379,2080,96,0,78,96.43,0x0000000000000004,Active,Not Active,Not Active,1,1,5,16,[N/A],[N/A],[N/A]
1784632118.2797,2379,2080,96,0,78,96.43,0x0000000000000004,Active,Not Active,Not Active,1,1,5,16,[N/A],[N/A],[N/A]
1784632118.38,2379,2080,96,0,78,96.43,0x0000000000000004,Active,Not Active,Not Active,1,1,5,16,[N/A],[N/A],[N/A]
1784632118.4803,2379,2080,96,0,78,96.43,0x0000000000000004,Active,Not Active,Not Active,1,1,5,16,[N/A],[N/A],[N/A]
1784632118.5805,2379,2080,96,0,78,96.43,0x0000000000000004,Active,Not Active,Not Active,1,1,5,16,[N/A],[N/A],[N/A]
1784632118.6808,2385,2080,96,0,81,96.12,0x0000000000000000,Not Active,Not Active,Not Active,1,1,5,16,[N/A],[N/A],[N/A]
1784632118.7811,2385,2080,96,0,81,96.12,0x0000000000000000,Not Active,Not Active,Not Active,1,1,5,16,[N/A],[N/A],[N/A]
1784632118.8816,2385,2080,96,0,81,96.12,0x0000000000000000,Not Active,Not Active,Not Active,1,1,5,16,[N/A],[N/A],[N/A]
1784632118.9816,2385,2080,96,0,81,96.12,0x0000000000000000,Not Active,Not Active,Not Active,1,1,5,16,[N/A],[N/A],[N/A]
1784632119.0819,2385,2080,96,0,81,96.12,0x0000000000000000,Not Active,Not Active,Not Active,1,1,5,16,[N/A],[N/A],[N/A]
1784632119.1822,2379,2080,96,0,81,96.38,0x0000000000000004,Active,Not Active,Not Active,1,1,5,16,[N/A],[N/A],[N/A]
1784632119.2824,2379,2080,96,0,81,96.38,0x0000000000000004,Active,Not Active,Not Active,1,1,5,16,[N/A],[N/A],[N/A]
1784632119.3827,2379,2080,96,0,81,96.38,0x0000000000000004,Active,Not Active,Not Active,1,1,5,16,[N/A],[N/A],[N/A]
1784632119.4832,2379,2080,96,0,81,96.38,0x0000000000000004,Active,Not Active,Not Active,1,1,5,16,[N/A],[N/A],[N/A]
1784632119.5832,2379,2080,96,0,81,96.38,0x0000000000000004,Active,Not Active,Not Active,1,1,5,16,[N/A],[N/A],[N/A]
1784632119.684,2385,2086,96,0,77,96.36,0x0000000000000000,Not Active,Not Active,Not Active,1,1,5,16,[N/A],[N/A],[N/A]
1784632119.784,2385,2086,96,0,77,96.36,0x0000000000000000,Not Active,Not Active,Not Active,1,1,5,16,[N/A],[N/A],[N/A]
1784632119.8846,2385,2086,96,0,77,96.36,0x0000000000000000,Not Active,Not Active,Not Active,1,1,5,16,[N/A],[N/A],[N/A]
1784632119.9847,2385,2086,96,0,77,96.36,0x0000000000000000,Not Active,Not Active,Not Active,1,1,5,16,[N/A],[N/A],[N/A]
1784632120.0848,2385,2086,96,0,77,96.36,0x0000000000000000,Not Active,Not Active,Not Active,1,1,5,16,[N/A],[N/A],[N/A]
1784632120.185,2463,2158,18,0,68,83.80,0x0000000000000000,Not Active,Not Active,Not Active,1,1,5,16,[N/A],[N/A],[N/A]
1784632120.2853,2463,2158,18,0,68,83.80,0x0000000000000000,Not Active,Not Active,Not Active,1,1,5,16,[N/A],[N/A],[N/A]
1784632120.3862,2463,2158,18,0,68,83.80,0x0000000000000000,Not Active,Not Active,Not Active,1,1,5,16,[N/A],[N/A],[N/A]
1784632120.4863,2463,2158,18,0,68,83.80,0x0000000000000000,Not Active,Not Active,Not Active,1,1,5,16,[N/A],[N/A],[N/A]
1784632120.5866,2463,2158,18,0,68,83.80,0x0000000000000000,Not Active,Not Active,Not Active,1,1,5,16,[N/A],[N/A],[N/A]
1784632120.6869,2385,2086,96,0,80,86.20,0x0000000000000004,Active,Not Active,Not Active,1,1,5,16,[N/A],[N/A],[N/A]
1784632120.7877,2385,2086,96,0,80,86.20,0x0000000000000004,Active,Not Active,Not Active,1,1,5,16,[N/A],[N/A],[N/A]
1784632120.8882,2385,2086,96,0,80,86.20,0x0000000000000004,Active,Not Active,Not Active,1,1,5,16,[N/A],[N/A],[N/A]
1784632120.9884,2385,2086,96,0,80,86.20,0x0000000000000004,Active,Not Active,Not Active,1,1,5,16,[N/A],[N/A],[N/A]
1784632121.0885,2385,2086,96,0,80,86.20,0x0000000000000004,Active,Not Active,Not Active,1,1,5,16,[N/A],[N/A],[N/A]
1784632121.1887,2385,2086,96,0,80,97.40,0x0000000000000000,Not Active,Not Active,Not Active,1,1,5,16,[N/A],[N/A],[N/A]
1784632121.2889,2385,2086,96,0,80,97.40,0x0000000000000000,Not Active,Not Active,Not Active,1,1,5,16,[N/A],[N/A],[N/A]
1784632121.3892,2385,2086,96,0,80,97.40,0x0000000000000000,Not Active,Not Active,Not Active,1,1,5,16,[N/A],[N/A],[N/A]
1784632121.4894,2385,2086,96,0,80,97.40,0x0000000000000000,Not Active,Not Active,Not Active,1,1,5,16,[N/A],[N/A],[N/A]
1784632121.5896,2385,2086,96,0,80,97.40,0x0000000000000000,Not Active,Not Active,Not Active,1,1,5,16,[N/A],[N/A],[N/A]
1784632121.6897,2379,2080,96,0,81,96.89,0x0000000000000004,Active,Not Active,Not Active,1,1,5,16,[N/A],[N/A],[N/A]
1784632121.79,2379,2080,96,0,81,96.89,0x0000000000000004,Active,Not Active,Not Active,1,1,5,16,[N/A],[N/A],[N/A]
1784632121.8903,2379,2080,96,0,81,96.89,0x0000000000000004,Active,Not Active,Not Active,1,1,5,16,[N/A],[N/A],[N/A]
1784632121.9905,2379,2080,96,0,81,96.89,0x0000000000000004,Active,Not Active,Not Active,1,1,5,16,[N/A],[N/A],[N/A]
1784632122.091,2379,2080,96,0,81,96.89,0x0000000000000004,Active,Not Active,Not Active,1,1,5,16,[N/A],[N/A],[N/A]
1784632122.1912,2385,2086,96,0,80,96.86,0x0000000000000000,Not Active,Not Active,Not Active,1,1,5,16,[N/A],[N/A],[N/A]
1784632122.2915,2385,2086,96,0,80,96.86,0x0000000000000000,Not Active,Not Active,Not Active,1,1,5,16,[N/A],[N/A],[N/A]
1784632122.3917,2385,2086,96,0,80,96.86,0x0000000000000000,Not Active,Not Active,Not Active,1,1,5,16,[N/A],[N/A],[N/A]
1784632122.4919,2385,2086,96,0,80,96.86,0x0000000000000000,Not Active,Not Active,Not Active,1,1,5,16,[N/A],[N/A],[N/A]
1784632122.5921,2385,2086,96,0,80,96.86,0x0000000000000000,Not Active,Not Active,Not Active,1,1,5,16,[N/A],[N/A],[N/A]
1784632122.6923,2385,2080,96,0,82,96.91,0x0000000000000004,Active,Not Active,Not Active,1,1,5,16,[N/A],[N/A],[N/A]
1784632122.7926,2385,2080,96,0,82,96.91,0x0000000000000004,Active,Not Active,Not Active,1,1,5,16,[N/A],[N/A],[N/A]
1784632122.8936,2385,2080,96,0,82,96.91,0x0000000000000004,Active,Not Active,Not Active,1,1,5,16,[N/A],[N/A],[N/A]
1784632122.9939,2385,2080,96,0,82,96.91,0x0000000000000004,Active,Not Active,Not Active,1,1,5,16,[N/A],[N/A],[N/A]
1784632123.0939,2385,2080,96,0,82,96.91,0x0000000000000004,Active,Not Active,Not Active,1,1,5,16,[N/A],[N/A],[N/A]
1784632123.1942,2392,2086,96,0,80,96.78,0x0000000000000000,Not Active,Not Active,Not Active,1,1,5,16,[N/A],[N/A],[N/A]
1784632123.2946,2392,2086,96,0,80,96.78,0x0000000000000000,Not Active,Not Active,Not Active,1,1,5,16,[N/A],[N/A],[N/A]
1784632123.3949,2392,2086,96,0,80,96.78,0x0000000000000000,Not Active,Not Active,Not Active,1,1,5,16,[N/A],[N/A],[N/A]
1784632123.4956,2392,2086,96,0,80,96.78,0x0000000000000000,Not Active,Not Active,Not Active,1,1,5,16,[N/A],[N/A],[N/A]
1784632123.5961,2392,2086,96,0,80,96.78,0x0000000000000000,Not Active,Not Active,Not Active,1,1,5,16,[N/A],[N/A],[N/A]
1784632123.696,2385,2086,96,0,82,96.74,0x0000000000000004,Active,Not Active,Not Active,1,1,5,16,[N/A],[N/A],[N/A]
1784632123.7961,2385,2086,96,0,82,96.74,0x0000000000000004,Active,Not Active,Not Active,1,1,5,16,[N/A],[N/A],[N/A]
1784632123.8964,2385,2086,96,0,82,96.74,0x0000000000000004,Active,Not Active,Not Active,1,1,5,16,[N/A],[N/A],[N/A]
1784632123.9967,2385,2086,96,0,82,96.74,0x0000000000000004,Active,Not Active,Not Active,1,1,5,16,[N/A],[N/A],[N/A]
1784632124.0974,2385,2086,96,0,82,96.74,0x0000000000000004,Active,Not Active,Not Active,1,1,5,16,[N/A],[N/A],[N/A]
1784632124.1982,2392,2086,96,0,80,96.83,0x0000000000000000,Not Active,Not Active,Not Active,1,1,5,16,[N/A],[N/A],[N/A]
1784632124.2984,2392,2086,96,0,80,96.83,0x0000000000000000,Not Active,Not Active,Not Active,1,1,5,16,[N/A],[N/A],[N/A]
1784632124.3987,2392,2086,96,0,80,96.83,0x0000000000000000,Not Active,Not Active,Not Active,1,1,5,16,[N/A],[N/A],[N/A]
1784632124.499,2392,2086,96,0,80,96.83,0x0000000000000000,Not Active,Not Active,Not Active,1,1,5,16,[N/A],[N/A],[N/A]
1784632124.5993,2392,2086,96,0,80,96.83,0x0000000000000000,Not Active,Not Active,Not Active,1,1,5,16,[N/A],[N/A],[N/A]
1784632124.6996,2385,2086,96,0,82,96.81,0x0000000000000004,Active,Not Active,Not Active,1,1,5,16,[N/A],[N/A],[N/A]
1784632124.8006,2385,2086,96,0,82,96.81,0x0000000000000004,Active,Not Active,Not Active,1,1,5,16,[N/A],[N/A],[N/A]
1784632124.9008,2385,2086,96,0,82,96.81,0x0000000000000004,Active,Not Active,Not Active,1,1,5,16,[N/A],[N/A],[N/A]
1784632125.001,2385,2086,96,0,82,96.81,0x0000000000000004,Active,Not Active,Not Active,1,1,5,16,[N/A],[N/A],[N/A]
1784632125.1012,2385,2086,96,0,82,96.81,0x0000000000000004,Active,Not Active,Not Active,1,1,5,16,[N/A],[N/A],[N/A]
1784632125.2014,2385,2080,96,0,79,96.84,0x0000000000000000,Not Active,Not Active,Not Active,1,1,5,16,[N/A],[N/A],[N/A]
1784632125.3017,2385,2080,96,0,79,96.84,0x0000000000000000,Not Active,Not Active,Not Active,1,1,5,16,[N/A],[N/A],[N/A]
1784632125.4019,2385,2080,96,0,79,96.84,0x0000000000000000,Not Active,Not Active,Not Active,1,1,5,16,[N/A],[N/A],[N/A]
1784632125.5027,2385,2080,96,0,79,96.84,0x0000000000000000,Not Active,Not Active,Not Active,1,1,5,16,[N/A],[N/A],[N/A]
1784632125.6028,2385,2080,96,0,79,96.84,0x0000000000000000,Not Active,Not Active,Not Active,1,1,5,16,[N/A],[N/A],[N/A]
1784632125.7034,2385,2086,96,0,81,96.77,0x0000000000000004,Active,Not Active,Not Active,1,1,5,16,[N/A],[N/A],[N/A]
1784632125.8043,2385,2086,96,0,81,96.77,0x0000000000000004,Active,Not Active,Not Active,1,1,5,16,[N/A],[N/A],[N/A]
1784632125.9045,2385,2086,96,0,81,96.77,0x0000000000000004,Active,Not Active,Not Active,1,1,5,16,[N/A],[N/A],[N/A]
1784632126.0047,2385,2086,96,0,81,96.77,0x0000000000000004,Active,Not Active,Not Active,1,1,5,16,[N/A],[N/A],[N/A]
1784632126.1049,2385,2086,96,0,81,96.77,0x0000000000000004,Active,Not Active,Not Active,1,1,5,16,[N/A],[N/A],[N/A]
1784632126.2056,2392,2080,96,0,75,96.76,0x0000000000000000,Not Active,Not Active,Not Active,1,1,5,16,[N/A],[N/A],[N/A]
1784632126.3062,2392,2080,96,0,75,96.76,0x0000000000000000,Not Active,Not Active,Not Active,1,1,5,16,[N/A],[N/A],[N/A]
1784632126.4065,2392,2080,96,0,75,96.76,0x0000000000000000,Not Active,Not Active,Not Active,1,1,5,16,[N/A],[N/A],[N/A]
1784632126.5067,2392,2080,96,0,75,96.76,0x0000000000000000,Not Active,Not Active,Not Active,1,1,5,16,[N/A],[N/A],[N/A]
1784632126.6069,2392,2080,96,0,75,96.76,0x0000000000000000,Not Active,Not Active,Not Active,1,1,5,16,[N/A],[N/A],[N/A]
1784632126.7072,2385,2086,96,0,80,96.70,0x0000000000000000,Not Active,Not Active,Not Active,1,1,5,16,[N/A],[N/A],[N/A]
1784632126.8081,2385,2086,96,0,80,96.70,0x0000000000000000,Not Active,Not Active,Not Active,1,1,5,16,[N/A],[N/A],[N/A]
1784632126.9084,2385,2086,96,0,80,96.70,0x0000000000000000,Not Active,Not Active,Not Active,1,1,5,16,[N/A],[N/A],[N/A]
1784632127.0084,2385,2086,96,0,80,96.70,0x0000000000000000,Not Active,Not Active,Not Active,1,1,5,16,[N/A],[N/A],[N/A]
1784632127.1086,2385,2086,96,0,80,96.70,0x0000000000000000,Not Active,Not Active,Not Active,1,1,5,16,[N/A],[N/A],[N/A]
1784632127.2089,2385,2080,96,0,76,96.86,0x0000000000000000,Not Active,Not Active,Not Active,1,1,5,16,[N/A],[N/A],[N/A]
1784632127.3091,2385,2080,96,0,76,96.86,0x0000000000000000,Not Active,Not Active,Not Active,1,1,5,16,[N/A],[N/A],[N/A]
1784632127.4095,2385,2080,96,0,76,96.86,0x0000000000000000,Not Active,Not Active,Not Active,1,1,5,16,[N/A],[N/A],[N/A]
1784632127.5096,2385,2080,96,0,76,96.86,0x0000000000000000,Not Active,Not Active,Not Active,1,1,5,16,[N/A],[N/A],[N/A]
1784632127.6103,2385,2080,96,0,76,96.86,0x0000000000000000,Not Active,Not Active,Not Active,1,1,5,16,[N/A],[N/A],[N/A]
1784632127.7103,2385,2086,96,0,80,96.49,0x0000000000000000,Not Active,Not Active,Not Active,1,1,5,16,[N/A],[N/A],[N/A]
1784632127.8106,2385,2086,96,0,80,96.49,0x0000000000000000,Not Active,Not Active,Not Active,1,1,5,16,[N/A],[N/A],[N/A]
1784632127.9107,2385,2086,96,0,80,96.49,0x0000000000000000,Not Active,Not Active,Not Active,1,1,5,16,[N/A],[N/A],[N/A]
1784632128.0109,2385,2086,96,0,80,96.49,0x0000000000000000,Not Active,Not Active,Not Active,1,1,5,16,[N/A],[N/A],[N/A]
1784632128.1112,2385,2086,96,0,80,96.49,0x0000000000000000,Not Active,Not Active,Not Active,1,1,5,16,[N/A],[N/A],[N/A]
1784632128.2122,2385,2080,96,0,77,95.96,0x0000000000000000,Not Active,Not Active,Not Active,1,1,5,16,[N/A],[N/A],[N/A]
1784632128.3124,2385,2080,96,0,77,95.96,0x0000000000000000,Not Active,Not Active,Not Active,1,1,5,16,[N/A],[N/A],[N/A]
1784632128.4124,2385,2080,96,0,77,95.96,0x0000000000000000,Not Active,Not Active,Not Active,1,1,5,16,[N/A],[N/A],[N/A]
1784632128.5126,2385,2080,96,0,77,95.96,0x0000000000000000,Not Active,Not Active,Not Active,1,1,5,16,[N/A],[N/A],[N/A]
1784632128.6128,2385,2080,96,0,77,95.96,0x0000000000000000,Not Active,Not Active,Not Active,1,1,5,16,[N/A],[N/A],[N/A]
1784632128.713,2392,2086,96,0,81,95.70,0x0000000000000000,Not Active,Not Active,Not Active,1,1,5,16,[N/A],[N/A],[N/A]
1784632128.8135,2392,2086,96,0,81,95.70,0x0000000000000000,Not Active,Not Active,Not Active,1,1,5,16,[N/A],[N/A],[N/A]
1784632128.9144,2392,2086,96,0,81,95.70,0x0000000000000000,Not Active,Not Active,Not Active,1,1,5,16,[N/A],[N/A],[N/A]
1784632129.0147,2392,2086,96,0,81,95.70,0x0000000000000000,Not Active,Not Active,Not Active,1,1,5,16,[N/A],[N/A],[N/A]
1784632129.1153,2392,2080,96,0,77,95.84,0x0000000000000000,Not Active,Not Active,Not Active,1,1,5,16,[N/A],[N/A],[N/A]
1784632129.2155,2392,2080,96,0,77,95.84,0x0000000000000000,Not Active,Not Active,Not Active,1,1,5,16,[N/A],[N/A],[N/A]
1784632129.3157,2392,2080,96,0,77,95.84,0x0000000000000000,Not Active,Not Active,Not Active,1,1,5,16,[N/A],[N/A],[N/A]
1784632129.416,2392,2080,96,0,77,95.84,0x0000000000000000,Not Active,Not Active,Not Active,1,1,5,16,[N/A],[N/A],[N/A]
1784632129.5161,2392,2080,96,0,77,95.84,0x0000000000000000,Not Active,Not Active,Not Active,1,1,5,16,[N/A],[N/A],[N/A]
1784632129.6167,2418,2106,56,0,69,89.40,0x0000000000000000,Not Active,Not Active,Not Active,1,1,5,16,[N/A],[N/A],[N/A]
1784632129.7167,2418,2106,56,0,69,89.40,0x0000000000000000,Not Active,Not Active,Not Active,1,1,5,16,[N/A],[N/A],[N/A]
1784632129.8168,2418,2106,56,0,69,89.40,0x0000000000000000,Not Active,Not Active,Not Active,1,1,5,16,[N/A],[N/A],[N/A]
1784632129.9173,2418,2106,56,0,69,89.40,0x0000000000000000,Not Active,Not Active,Not Active,1,1,5,16,[N/A],[N/A],[N/A]
1784632130.0173,2418,2106,56,0,69,89.40,0x0000000000000000,Not Active,Not Active,Not Active,1,1,5,16,[N/A],[N/A],[N/A]
1784632130.1176,2392,2086,96,0,82,89.19,0x0000000000000004,Active,Not Active,Not Active,1,1,5,16,[N/A],[N/A],[N/A]
1784632130.2179,2392,2086,96,0,82,89.19,0x0000000000000004,Active,Not Active,Not Active,1,1,5,16,[N/A],[N/A],[N/A]
1784632130.3189,2392,2086,96,0,82,89.19,0x0000000000000004,Active,Not Active,Not Active,1,1,5,16,[N/A],[N/A],[N/A]
1784632130.4191,2392,2086,96,0,82,89.19,0x0000000000000004,Active,Not Active,Not Active,1,1,5,16,[N/A],[N/A],[N/A]
1784632130.5191,2392,2086,96,0,82,89.19,0x0000000000000004,Active,Not Active,Not Active,1,1,5,16,[N/A],[N/A],[N/A]
1784632130.6194,2385,2080,96,0,77,95.41,0x0000000000000000,Not Active,Not Active,Not Active,1,1,5,16,[N/A],[N/A],[N/A]
1784632130.7196,2385,2080,96,0,77,95.41,0x0000000000000000,Not Active,Not Active,Not Active,1,1,5,16,[N/A],[N/A],[N/A]
1784632130.8199,2385,2080,96,0,77,95.41,0x0000000000000000,Not Active,Not Active,Not Active,1,1,5,16,[N/A],[N/A],[N/A]
1784632130.9202,2385,2080,96,0,77,95.41,0x0000000000000000,Not Active,Not Active,Not Active,1,1,5,16,[N/A],[N/A],[N/A]
1784632131.0208,2385,2080,96,0,77,95.41,0x0000000000000000,Not Active,Not Active,Not Active,1,1,5,16,[N/A],[N/A],[N/A]
1784632131.1213,2392,2086,96,0,81,96.93,0x0000000000000004,Active,Not Active,Not Active,1,1,5,16,[N/A],[N/A],[N/A]
1784632131.2213,2392,2086,96,0,81,96.93,0x0000000000000004,Active,Not Active,Not Active,1,1,5,16,[N/A],[N/A],[N/A]
1784632131.3216,2392,2086,96,0,81,96.93,0x0000000000000004,Active,Not Active,Not Active,1,1,5,16,[N/A],[N/A],[N/A]
1784632131.4219,2392,2086,96,0,81,96.93,0x0000000000000004,Active,Not Active,Not Active,1,1,5,16,[N/A],[N/A],[N/A]
1784632131.522,2392,2086,96,0,81,96.93,0x0000000000000004,Active,Not Active,Not Active,1,1,5,16,[N/A],[N/A],[N/A]
1784632131.6225,2392,2086,96,0,77,97.40,0x0000000000000000,Not Active,Not Active,Not Active,1,1,5,16,[N/A],[N/A],[N/A]
1784632131.723,2392,2086,96,0,77,97.40,0x0000000000000000,Not Active,Not Active,Not Active,1,1,5,16,[N/A],[N/A],[N/A]
1784632131.823,2392,2086,96,0,77,97.40,0x0000000000000000,Not Active,Not Active,Not Active,1,1,5,16,[N/A],[N/A],[N/A]
1784632131.9233,2392,2086,96,0,77,97.40,0x0000000000000000,Not Active,Not Active,Not Active,1,1,5,16,[N/A],[N/A],[N/A]
1784632132.0235,2392,2086,96,0,77,97.40,0x0000000000000000,Not Active,Not Active,Not Active,1,1,5,16,[N/A],[N/A],[N/A]
1784632132.1238,2392,2086,96,0,80,97.30,0x0000000000000000,Not Active,Not Active,Not Active,1,1,5,16,[N/A],[N/A],[N/A]
1784632132.2243,2392,2086,96,0,80,97.30,0x0000000000000000,Not Active,Not Active,Not Active,1,1,5,16,[N/A],[N/A],[N/A]
1784632132.3243,2392,2086,96,0,80,97.30,0x0000000000000000,Not Active,Not Active,Not Active,1,1,5,16,[N/A],[N/A],[N/A]
1784632132.425,2392,2086,96,0,80,97.30,0x0000000000000000,Not Active,Not Active,Not Active,1,1,5,16,[N/A],[N/A],[N/A]
1784632132.5253,2392,2086,96,0,80,97.30,0x0000000000000000,Not Active,Not Active,Not Active,1,1,5,16,[N/A],[N/A],[N/A]
1784632132.6252,2385,2086,96,0,78,97.59,0x0000000000000000,Not Active,Not Active,Not Active,1,1,5,16,[N/A],[N/A],[N/A]
1784632132.7255,2385,2086,96,0,78,97.59,0x0000000000000000,Not Active,Not Active,Not Active,1,1,5,16,[N/A],[N/A],[N/A]
1784632132.8258,2385,2086,96,0,78,97.59,0x0000000000000000,Not Active,Not Active,Not Active,1,1,5,16,[N/A],[N/A],[N/A]
1784632132.926,2385,2086,96,0,78,97.59,0x0000000000000000,Not Active,Not Active,Not Active,1,1,5,16,[N/A],[N/A],[N/A]
1784632133.0266,2385,2086,96,0,78,97.59,0x0000000000000000,Not Active,Not Active,Not Active,1,1,5,16,[N/A],[N/A],[N/A]
1784632133.1269,2385,2093,96,0,80,97.51,0x0000000000000000,Not Active,Not Active,Not Active,1,1,5,16,[N/A],[N/A],[N/A]
1784632133.2268,2385,2093,96,0,80,97.51,0x0000000000000000,Not Active,Not Active,Not Active,1,1,5,16,[N/A],[N/A],[N/A]
1784632133.3271,2385,2093,96,0,80,97.51,0x0000000000000000,Not Active,Not Active,Not Active,1,1,5,16,[N/A],[N/A],[N/A]
1784632133.4273,2385,2093,96,0,80,97.51,0x0000000000000000,Not Active,Not Active,Not Active,1,1,5,16,[N/A],[N/A],[N/A]
1784632133.5275,2385,2093,96,0,80,97.51,0x0000000000000000,Not Active,Not Active,Not Active,1,1,5,16,[N/A],[N/A],[N/A]
1784632133.628,2385,2086,96,0,82,97.49,0x0000000000000004,Active,Not Active,Not Active,1,1,5,16,[N/A],[N/A],[N/A]
1784632133.7282,2385,2086,96,0,82,97.49,0x0000000000000004,Active,Not Active,Not Active,1,1,5,16,[N/A],[N/A],[N/A]
1784632133.8284,2385,2086,96,0,82,97.49,0x0000000000000004,Active,Not Active,Not Active,1,1,5,16,[N/A],[N/A],[N/A]
1784632133.9285,2385,2086,96,0,82,97.49,0x0000000000000004,Active,Not Active,Not Active,1,1,5,16,[N/A],[N/A],[N/A]
1784632134.0287,2385,2086,96,0,82,97.49,0x0000000000000004,Active,Not Active,Not Active,1,1,5,16,[N/A],[N/A],[N/A]
1784632134.1289,2385,2086,96,0,80,97.31,0x0000000000000000,Not Active,Not Active,Not Active,1,1,5,16,[N/A],[N/A],[N/A]
1784632134.2292,2385,2086,96,0,80,97.31,0x0000000000000000,Not Active,Not Active,Not Active,1,1,5,16,[N/A],[N/A],[N/A]
1784632134.3299,2385,2086,96,0,80,97.31,0x0000000000000000,Not Active,Not Active,Not Active,1,1,5,16,[N/A],[N/A],[N/A]
1784632134.4301,2385,2086,96,0,80,97.31,0x0000000000000000,Not Active,Not Active,Not Active,1,1,5,16,[N/A],[N/A],[N/A]
1784632134.5304,2385,2086,96,0,80,97.31,0x0000000000000000,Not Active,Not Active,Not Active,1,1,5,16,[N/A],[N/A],[N/A]
1784632134.6303,2392,2086,96,0,81,97.53,0x0000000000000004,Active,Not Active,Not Active,1,1,5,16,[N/A],[N/A],[N/A]
1784632134.7306,2392,2086,96,0,81,97.53,0x0000000000000004,Active,Not Active,Not Active,1,1,5,16,[N/A],[N/A],[N/A]
1784632134.8309,2392,2086,96,0,81,97.53,0x0000000000000004,Active,Not Active,Not Active,1,1,5,16,[N/A],[N/A],[N/A]
1784632134.9314,2392,2086,96,0,81,97.53,0x0000000000000004,Active,Not Active,Not Active,1,1,5,16,[N/A],[N/A],[N/A]
1784632135.0313,2392,2086,96,0,81,97.53,0x0000000000000004,Active,Not Active,Not Active,1,1,5,16,[N/A],[N/A],[N/A]
1784632135.1316,2392,2093,96,0,80,97.34,0x0000000000000000,Not Active,Not Active,Not Active,1,1,5,16,[N/A],[N/A],[N/A]
1784632135.2319,2392,2093,96,0,80,97.34,0x0000000000000000,Not Active,Not Active,Not Active,1,1,5,16,[N/A],[N/A],[N/A]
1784632135.3321,2392,2093,96,0,80,97.34,0x0000000000000000,Not Active,Not Active,Not Active,1,1,5,16,[N/A],[N/A],[N/A]
1784632135.4324,2392,2093,96,0,80,97.34,0x0000000000000000,Not Active,Not Active,Not Active,1,1,5,16,[N/A],[N/A],[N/A]
1784632135.5327,2392,2093,96,0,80,97.34,0x0000000000000000,Not Active,Not Active,Not Active,1,1,5,16,[N/A],[N/A],[N/A]
1784632135.6332,2385,2080,96,0,80,96.82,0x0000000000000004,Active,Not Active,Not Active,1,1,5,16,[N/A],[N/A],[N/A]
1784632135.7334,2385,2080,96,0,80,96.82,0x0000000000000004,Active,Not Active,Not Active,1,1,5,16,[N/A],[N/A],[N/A]
1784632135.8337,2385,2080,96,0,80,96.82,0x0000000000000004,Active,Not Active,Not Active,1,1,5,16,[N/A],[N/A],[N/A]
1784632135.9338,2385,2080,96,0,80,96.82,0x0000000000000004,Active,Not Active,Not Active,1,1,5,16,[N/A],[N/A],[N/A]
1784632136.034,2385,2080,96,0,80,96.82,0x0000000000000004,Active,Not Active,Not Active,1,1,5,16,[N/A],[N/A],[N/A]
1784632136.1343,2392,2086,96,0,81,95.92,0x0000000000000000,Not Active,Not Active,Not Active,1,1,5,16,[N/A],[N/A],[N/A]
1784632136.2346,2392,2086,96,0,81,95.92,0x0000000000000000,Not Active,Not Active,Not Active,1,1,5,16,[N/A],[N/A],[N/A]
1784632136.3378,2392,2086,96,0,81,95.92,0x0000000000000000,Not Active,Not Active,Not Active,1,1,5,16,[N/A],[N/A],[N/A]
1784632136.438,2392,2086,96,0,81,95.92,0x0000000000000000,Not Active,Not Active,Not Active,1,1,5,16,[N/A],[N/A],[N/A]
1784632136.5385,2392,2086,96,0,81,95.92,0x0000000000000000,Not Active,Not Active,Not Active,1,1,5,16,[N/A],[N/A],[N/A]
1784632136.6385,2385,2080,96,0,81,95.99,0x0000000000000004,Active,Not Active,Not Active,1,1,5,16,[N/A],[N/A],[N/A]
1784632136.7391,2385,2080,96,0,81,95.99,0x0000000000000004,Active,Not Active,Not Active,1,1,5,16,[N/A],[N/A],[N/A]
1784632136.839,2385,2080,96,0,81,95.99,0x0000000000000004,Active,Not Active,Not Active,1,1,5,16,[N/A],[N/A],[N/A]
1784632136.9396,2385,2080,96,0,81,95.99,0x0000000000000004,Active,Not Active,Not Active,1,1,5,16,[N/A],[N/A],[N/A]
1784632137.0401,2385,2080,96,0,81,95.99,0x0000000000000004,Active,Not Active,Not Active,1,1,5,16,[N/A],[N/A],[N/A]
1784632137.1402,2392,2093,96,0,81,95.75,0x0000000000000000,Not Active,Not Active,Not Active,1,1,5,16,[N/A],[N/A],[N/A]
1784632137.2404,2392,2093,96,0,81,95.75,0x0000000000000000,Not Active,Not Active,Not Active,1,1,5,16,[N/A],[N/A],[N/A]
1784632137.341,2392,2093,96,0,81,95.75,0x0000000000000000,Not Active,Not Active,Not Active,1,1,5,16,[N/A],[N/A],[N/A]
1784632137.441,2392,2093,96,0,81,95.75,0x0000000000000000,Not Active,Not Active,Not Active,1,1,5,16,[N/A],[N/A],[N/A]
1784632137.5413,2392,2093,96,0,81,95.75,0x0000000000000000,Not Active,Not Active,Not Active,1,1,5,16,[N/A],[N/A],[N/A]
1784632137.6418,2385,2080,96,0,81,96.04,0x0000000000000004,Active,Not Active,Not Active,1,1,5,16,[N/A],[N/A],[N/A]
1784632137.7418,2385,2080,96,0,81,96.04,0x0000000000000004,Active,Not Active,Not Active,1,1,5,16,[N/A],[N/A],[N/A]
1784632137.8423,2385,2080,96,0,81,96.04,0x0000000000000004,Active,Not Active,Not Active,1,1,5,16,[N/A],[N/A],[N/A]
1784632137.9425,2385,2080,96,0,81,96.04,0x0000000000000004,Active,Not Active,Not Active,1,1,5,16,[N/A],[N/A],[N/A]
1784632138.043,2385,2080,96,0,81,96.04,0x0000000000000004,Active,Not Active,Not Active,1,1,5,16,[N/A],[N/A],[N/A]
1784632138.143,2392,2086,96,0,81,95.67,0x0000000000000000,Not Active,Not Active,Not Active,1,1,5,16,[N/A],[N/A],[N/A]
1784632138.2433,2392,2086,96,0,81,95.67,0x0000000000000000,Not Active,Not Active,Not Active,1,1,5,16,[N/A],[N/A],[N/A]
1784632138.344,2392,2086,96,0,81,95.67,0x0000000000000000,Not Active,Not Active,Not Active,1,1,5,16,[N/A],[N/A],[N/A]
1784632138.4443,2392,2086,96,0,81,95.67,0x0000000000000000,Not Active,Not Active,Not Active,1,1,5,16,[N/A],[N/A],[N/A]
1784632138.5443,2392,2086,96,0,81,95.67,0x0000000000000000,Not Active,Not Active,Not Active,1,1,5,16,[N/A],[N/A],[N/A]
1784632138.6445,2385,2086,96,0,81,95.95,0x0000000000000004,Active,Not Active,Not Active,1,1,5,16,[N/A],[N/A],[N/A]
1784632138.7448,2385,2086,96,0,81,95.95,0x0000000000000004,Active,Not Active,Not Active,1,1,5,16,[N/A],[N/A],[N/A]
1784632138.8451,2385,2086,96,0,81,95.95,0x0000000000000004,Active,Not Active,Not Active,1,1,5,16,[N/A],[N/A],[N/A]
1784632138.9453,2385,2086,96,0,81,95.95,0x0000000000000004,Active,Not Active,Not Active,1,1,5,16,[N/A],[N/A],[N/A]
1784632139.046,2385,2086,96,0,81,95.95,0x0000000000000004,Active,Not Active,Not Active,1,1,5,16,[N/A],[N/A],[N/A]
1784632139.1462,2392,2086,96,0,76,96.25,0x0000000000000000,Not Active,Not Active,Not Active,1,1,5,16,[N/A],[N/A],[N/A]
1784632139.2467,2392,2086,96,0,76,96.25,0x0000000000000000,Not Active,Not Active,Not Active,1,1,5,16,[N/A],[N/A],[N/A]
1784632139.3467,2392,2086,96,0,76,96.25,0x0000000000000000,Not Active,Not Active,Not Active,1,1,5,16,[N/A],[N/A],[N/A]
1784632139.4471,2392,2086,96,0,76,96.25,0x0000000000000000,Not Active,Not Active,Not Active,1,1,5,16,[N/A],[N/A],[N/A]
1784632139.5473,2392,2086,96,0,76,96.25,0x0000000000000000,Not Active,Not Active,Not Active,1,1,5,16,[N/A],[N/A],[N/A]
1784632139.6476,2405,2099,96,0,80,87.95,0x0000000000000000,Not Active,Not Active,Not Active,1,1,5,16,[N/A],[N/A],[N/A]
1784632139.7481,2405,2099,96,0,80,87.95,0x0000000000000000,Not Active,Not Active,Not Active,1,1,5,16,[N/A],[N/A],[N/A]
1784632139.8481,2405,2099,96,0,80,87.95,0x0000000000000000,Not Active,Not Active,Not Active,1,1,5,16,[N/A],[N/A],[N/A]
1784632139.9486,2405,2099,96,0,80,87.95,0x0000000000000000,Not Active,Not Active,Not Active,1,1,5,16,[N/A],[N/A],[N/A]
1784632140.0489,2405,2099,96,0,80,87.95,0x0000000000000000,Not Active,Not Active,Not Active,1,1,5,16,[N/A],[N/A],[N/A]
1784632140.1489,2398,2099,96,0,81,88.90,0x0000000000000004,Active,Not Active,Not Active,1,1,5,16,[N/A],[N/A],[N/A]
1784632140.2492,2398,2099,96,0,81,88.90,0x0000000000000004,Active,Not Active,Not Active,1,1,5,16,[N/A],[N/A],[N/A]
1784632140.3494,2398,2099,96,0,81,88.90,0x0000000000000004,Active,Not Active,Not Active,1,1,5,16,[N/A],[N/A],[N/A]
1784632140.4499,2398,2099,96,0,81,88.90,0x0000000000000004,Active,Not Active,Not Active,1,1,5,16,[N/A],[N/A],[N/A]
1784632140.5502,2398,2099,96,0,81,88.90,0x0000000000000004,Active,Not Active,Not Active,1,1,5,16,[N/A],[N/A],[N/A]
1784632140.6502,2385,2086,96,0,77,97.00,0x0000000000000000,Not Active,Not Active,Not Active,1,1,5,16,[N/A],[N/A],[N/A]
1784632140.7505,2385,2086,96,0,77,97.00,0x0000000000000000,Not Active,Not Active,Not Active,1,1,5,16,[N/A],[N/A],[N/A]
1784632140.8507,2385,2086,96,0,77,97.00,0x0000000000000000,Not Active,Not Active,Not Active,1,1,5,16,[N/A],[N/A],[N/A]
1784632140.951,2385,2086,96,0,77,97.00,0x0000000000000000,Not Active,Not Active,Not Active,1,1,5,16,[N/A],[N/A],[N/A]
1784632141.0516,2385,2086,96,0,77,97.00,0x0000000000000000,Not Active,Not Active,Not Active,1,1,5,16,[N/A],[N/A],[N/A]
1784632141.1518,2385,2086,96,0,81,97.33,0x0000000000000004,Active,Not Active,Not Active,1,1,5,16,[N/A],[N/A],[N/A]
1784632141.2527,2385,2086,96,0,81,97.33,0x0000000000000004,Active,Not Active,Not Active,1,1,5,16,[N/A],[N/A],[N/A]
1784632141.3528,2385,2086,96,0,81,97.33,0x0000000000000004,Active,Not Active,Not Active,1,1,5,16,[N/A],[N/A],[N/A]
1784632141.453,2385,2086,96,0,81,97.33,0x0000000000000004,Active,Not Active,Not Active,1,1,5,16,[N/A],[N/A],[N/A]
1784632141.5533,2385,2086,96,0,81,97.33,0x0000000000000004,Active,Not Active,Not Active,1,1,5,16,[N/A],[N/A],[N/A]
1784632141.6535,2392,2086,96,0,76,97.02,0x0000000000000000,Not Active,Not Active,Not Active,1,1,5,16,[N/A],[N/A],[N/A]
1784632141.7542,2392,2086,96,0,76,97.02,0x0000000000000000,Not Active,Not Active,Not Active,1,1,5,16,[N/A],[N/A],[N/A]
1784632141.8545,2392,2086,96,0,76,97.02,0x0000000000000000,Not Active,Not Active,Not Active,1,1,5,16,[N/A],[N/A],[N/A]
1784632141.9552,2392,2086,96,0,76,97.02,0x0000000000000000,Not Active,Not Active,Not Active,1,1,5,16,[N/A],[N/A],[N/A]
1784632142.055,2392,2086,96,0,76,97.02,0x0000000000000000,Not Active,Not Active,Not Active,1,1,5,16,[N/A],[N/A],[N/A]
1784632142.1553,2385,2086,96,0,82,97.38,0x0000000000000004,Active,Not Active,Not Active,1,1,5,16,[N/A],[N/A],[N/A]
1784632142.2555,2385,2086,96,0,82,97.38,0x0000000000000004,Active,Not Active,Not Active,1,1,5,16,[N/A],[N/A],[N/A]
1784632142.3558,2385,2086,96,0,82,97.38,0x0000000000000004,Active,Not Active,Not Active,1,1,5,16,[N/A],[N/A],[N/A]
1784632142.4574,2385,2086,96,0,82,97.38,0x0000000000000004,Active,Not Active,Not Active,1,1,5,16,[N/A],[N/A],[N/A]
1784632142.5573,2385,2086,96,0,82,97.38,0x0000000000000004,Active,Not Active,Not Active,1,1,5,16,[N/A],[N/A],[N/A]
1784632142.6579,2385,2086,96,0,76,97.40,0x0000000000000000,Not Active,Not Active,Not Active,1,1,5,16,[N/A],[N/A],[N/A]
1784632142.7579,2385,2086,96,0,76,97.40,0x0000000000000000,Not Active,Not Active,Not Active,1,1,5,16,[N/A],[N/A],[N/A]
1784632142.8581,2385,2086,96,0,76,97.40,0x0000000000000000,Not Active,Not Active,Not Active,1,1,5,16,[N/A],[N/A],[N/A]
1784632142.9584,2385,2086,96,0,76,97.40,0x0000000000000000,Not Active,Not Active,Not Active,1,1,5,16,[N/A],[N/A],[N/A]
1784632143.0587,2385,2086,96,0,76,97.40,0x0000000000000000,Not Active,Not Active,Not Active,1,1,5,16,[N/A],[N/A],[N/A]
1784632143.1592,2385,2086,96,0,82,97.18,0x0000000000000004,Active,Not Active,Not Active,1,1,5,16,[N/A],[N/A],[N/A]
1784632143.2594,2385,2086,96,0,82,97.18,0x0000000000000004,Active,Not Active,Not Active,1,1,5,16,[N/A],[N/A],[N/A]
1784632143.3595,2385,2086,96,0,82,97.18,0x0000000000000004,Active,Not Active,Not Active,1,1,5,16,[N/A],[N/A],[N/A]
1784632143.4597,2385,2086,96,0,82,97.18,0x0000000000000004,Active,Not Active,Not Active,1,1,5,16,[N/A],[N/A],[N/A]
1784632143.56,2385,2086,96,0,82,97.18,0x0000000000000004,Active,Not Active,Not Active,1,1,5,16,[N/A],[N/A],[N/A]
1784632143.6603,2392,2086,96,0,76,97.40,0x0000000000000000,Not Active,Not Active,Not Active,1,1,5,16,[N/A],[N/A],[N/A]
1784632143.7611,2392,2086,96,0,76,97.40,0x0000000000000000,Not Active,Not Active,Not Active,1,1,5,16,[N/A],[N/A],[N/A]
1784632143.8612,2392,2086,96,0,76,97.40,0x0000000000000000,Not Active,Not Active,Not Active,1,1,5,16,[N/A],[N/A],[N/A]
1784632143.9615,2392,2086,96,0,76,97.40,0x0000000000000000,Not Active,Not Active,Not Active,1,1,5,16,[N/A],[N/A],[N/A]
1784632144.0619,2392,2086,96,0,76,97.40,0x0000000000000000,Not Active,Not Active,Not Active,1,1,5,16,[N/A],[N/A],[N/A]
1784632144.162,2392,2093,96,0,82,97.36,0x0000000000000004,Active,Not Active,Not Active,1,1,5,16,[N/A],[N/A],[N/A]
1784632144.2623,2392,2093,96,0,82,97.36,0x0000000000000004,Active,Not Active,Not Active,1,1,5,16,[N/A],[N/A],[N/A]
1784632144.3625,2392,2093,96,0,82,97.36,0x0000000000000004,Active,Not Active,Not Active,1,1,5,16,[N/A],[N/A],[N/A]
1784632144.4631,2392,2093,96,0,82,97.36,0x0000000000000004,Active,Not Active,Not Active,1,1,5,16,[N/A],[N/A],[N/A]
1784632144.5633,2392,2093,96,0,82,97.36,0x0000000000000004,Active,Not Active,Not Active,1,1,5,16,[N/A],[N/A],[N/A]
1784632144.6634,2392,2086,96,0,76,97.65,0x0000000000000000,Not Active,Not Active,Not Active,1,1,5,16,[N/A],[N/A],[N/A]
1784632144.7636,2392,2086,96,0,76,97.65,0x0000000000000000,Not Active,Not Active,Not Active,1,1,5,16,[N/A],[N/A],[N/A]
1784632144.8639,2392,2086,96,0,76,97.65,0x0000000000000000,Not Active,Not Active,Not Active,1,1,5,16,[N/A],[N/A],[N/A]
1784632144.9642,2392,2086,96,0,76,97.65,0x0000000000000000,Not Active,Not Active,Not Active,1,1,5,16,[N/A],[N/A],[N/A]
1784632145.0645,2392,2086,96,0,76,97.65,0x0000000000000000,Not Active,Not Active,Not Active,1,1,5,16,[N/A],[N/A],[N/A]
1784632145.1648,2392,2093,96,0,81,97.23,0x0000000000000000,Not Active,Not Active,Not Active,1,1,5,16,[N/A],[N/A],[N/A]
1784632145.2653,2392,2093,96,0,81,97.23,0x0000000000000000,Not Active,Not Active,Not Active,1,1,5,16,[N/A],[N/A],[N/A]
1784632145.3653,2392,2093,96,0,81,97.23,0x0000000000000000,Not Active,Not Active,Not Active,1,1,5,16,[N/A],[N/A],[N/A]
1784632145.4661,2392,2093,96,0,81,97.23,0x0000000000000000,Not Active,Not Active,Not Active,1,1,5,16,[N/A],[N/A],[N/A]
1784632145.566,2392,2093,96,0,81,97.23,0x0000000000000000,Not Active,Not Active,Not Active,1,1,5,16,[N/A],[N/A],[N/A]
1784632145.6663,2385,2080,96,0,76,96.49,0x0000000000000000,Not Active,Not Active,Not Active,1,1,5,16,[N/A],[N/A],[N/A]
1784632145.7665,2385,2080,96,0,76,96.49,0x0000000000000000,Not Active,Not Active,Not Active,1,1,5,16,[N/A],[N/A],[N/A]
1784632145.8671,2385,2080,96,0,76,96.49,0x0000000000000000,Not Active,Not Active,Not Active,1,1,5,16,[N/A],[N/A],[N/A]
1784632145.9673,2385,2080,96,0,76,96.49,0x0000000000000000,Not Active,Not Active,Not Active,1,1,5,16,[N/A],[N/A],[N/A]
1784632146.0673,2385,2080,96,0,76,96.49,0x0000000000000000,Not Active,Not Active,Not Active,1,1,5,16,[N/A],[N/A],[N/A]
1784632146.1676,2398,2093,96,0,80,96.13,0x0000000000000000,Not Active,Not Active,Not Active,1,1,5,16,[N/A],[N/A],[N/A]
1784632146.2679,2398,2093,96,0,80,96.13,0x0000000000000000,Not Active,Not Active,Not Active,1,1,5,16,[N/A],[N/A],[N/A]
1784632146.3682,2398,2093,96,0,80,96.13,0x0000000000000000,Not Active,Not Active,Not Active,1,1,5,16,[N/A],[N/A],[N/A]
1784632146.4689,2398,2093,96,0,80,96.13,0x0000000000000000,Not Active,Not Active,Not Active,1,1,5,16,[N/A],[N/A],[N/A]
1784632146.5695,2398,2093,96,0,80,96.13,0x0000000000000000,Not Active,Not Active,Not Active,1,1,5,16,[N/A],[N/A],[N/A]
1784632146.6695,2392,2086,96,0,76,96.61,0x0000000000000004,Active,Not Active,Not Active,1,1,5,16,[N/A],[N/A],[N/A]
1784632146.7698,2392,2086,96,0,76,96.61,0x0000000000000004,Active,Not Active,Not Active,1,1,5,16,[N/A],[N/A],[N/A]
1784632146.87,2392,2086,96,0,76,96.61,0x0000000000000004,Active,Not Active,Not Active,1,1,5,16,[N/A],[N/A],[N/A]
1784632146.9703,2392,2086,96,0,76,96.61,0x0000000000000004,Active,Not Active,Not Active,1,1,5,16,[N/A],[N/A],[N/A]
1784632147.0706,2392,2086,96,0,76,96.61,0x0000000000000004,Active,Not Active,Not Active,1,1,5,16,[N/A],[N/A],[N/A]
1784632147.1711,2392,2093,96,0,80,96.36,0x0000000000000000,Not Active,Not Active,Not Active,1,1,5,16,[N/A],[N/A],[N/A]
1784632147.2714,2392,2093,96,0,80,96.36,0x0000000000000000,Not Active,Not Active,Not Active,1,1,5,16,[N/A],[N/A],[N/A]
1784632147.3714,2392,2093,96,0,80,96.36,0x0000000000000000,Not Active,Not Active,Not Active,1,1,5,16,[N/A],[N/A],[N/A]
1784632147.4717,2392,2093,96,0,80,96.36,0x0000000000000000,Not Active,Not Active,Not Active,1,1,5,16,[N/A],[N/A],[N/A]
1784632147.5719,2392,2093,96,0,80,96.36,0x0000000000000000,Not Active,Not Active,Not Active,1,1,5,16,[N/A],[N/A],[N/A]
1784632147.6722,2385,2086,96,0,81,96.43,0x0000000000000004,Active,Not Active,Not Active,1,1,5,16,[N/A],[N/A],[N/A]
1784632147.7725,2385,2086,96,0,81,96.43,0x0000000000000004,Active,Not Active,Not Active,1,1,5,16,[N/A],[N/A],[N/A]
1784632147.8728,2385,2086,96,0,81,96.43,0x0000000000000004,Active,Not Active,Not Active,1,1,5,16,[N/A],[N/A],[N/A]
1784632147.9731,2385,2086,96,0,81,96.43,0x0000000000000004,Active,Not Active,Not Active,1,1,5,16,[N/A],[N/A],[N/A]
1784632148.0732,2385,2086,96,0,81,96.43,0x0000000000000004,Active,Not Active,Not Active,1,1,5,16,[N/A],[N/A],[N/A]
1784632148.1735,2392,2093,96,0,80,96.11,0x0000000000000000,Not Active,Not Active,Not Active,1,1,5,16,[N/A],[N/A],[N/A]
1784632148.2737,2392,2093,96,0,80,96.11,0x0000000000000000,Not Active,Not Active,Not Active,1,1,5,16,[N/A],[N/A],[N/A]
1784632148.3739,2392,2093,96,0,80,96.11,0x0000000000000000,Not Active,Not Active,Not Active,1,1,5,16,[N/A],[N/A],[N/A]
1784632148.4742,2392,2093,96,0,80,96.11,0x0000000000000000,Not Active,Not Active,Not Active,1,1,5,16,[N/A],[N/A],[N/A]
1784632148.5759,2392,2093,96,0,80,96.11,0x0000000000000000,Not Active,Not Active,Not Active,1,1,5,16,[N/A],[N/A],[N/A]
1784632148.6763,2392,2086,96,0,81,96.59,0x0000000000000004,Active,Not Active,Not Active,1,1,5,16,[N/A],[N/A],[N/A]
1784632148.7764,2392,2086,96,0,81,96.59,0x0000000000000004,Active,Not Active,Not Active,1,1,5,16,[N/A],[N/A],[N/A]
1784632148.8765,2392,2086,96,0,81,96.59,0x0000000000000004,Active,Not Active,Not Active,1,1,5,16,[N/A],[N/A],[N/A]
1784632148.9767,2392,2086,96,0,81,96.59,0x0000000000000004,Active,Not Active,Not Active,1,1,5,16,[N/A],[N/A],[N/A]
1784632149.0769,2392,2086,96,0,81,96.59,0x0000000000000004,Active,Not Active,Not Active,1,1,5,16,[N/A],[N/A],[N/A]
1784632149.1774,2431,2112,50,0,78,86.87,0x0000000000000000,Not Active,Not Active,Not Active,1,1,5,16,[N/A],[N/A],[N/A]
1784632149.2775,2431,2112,50,0,78,86.87,0x0000000000000000,Not Active,Not Active,Not Active,1,1,5,16,[N/A],[N/A],[N/A]
1784632149.3776,2431,2112,50,0,78,86.87,0x0000000000000000,Not Active,Not Active,Not Active,1,1,5,16,[N/A],[N/A],[N/A]
1784632149.4778,2431,2112,50,0,78,86.87,0x0000000000000000,Not Active,Not Active,Not Active,1,1,5,16,[N/A],[N/A],[N/A]
1784632149.5787,2431,2112,50,0,78,86.87,0x0000000000000000,Not Active,Not Active,Not Active,1,1,5,16,[N/A],[N/A],[N/A]
1784632149.6786,2385,2080,96,0,80,87.75,0x0000000000000004,Active,Not Active,Not Active,1,1,5,16,[N/A],[N/A],[N/A]
1784632149.7786,2385,2080,96,0,80,87.75,0x0000000000000004,Active,Not Active,Not Active,1,1,5,16,[N/A],[N/A],[N/A]
1784632149.8794,2385,2080,96,0,80,87.75,0x0000000000000004,Active,Not Active,Not Active,1,1,5,16,[N/A],[N/A],[N/A]
1784632149.9793,2385,2080,96,0,80,87.75,0x0000000000000004,Active,Not Active,Not Active,1,1,5,16,[N/A],[N/A],[N/A]
1784632150.0797,2385,2080,96,0,80,87.75,0x0000000000000004,Active,Not Active,Not Active,1,1,5,16,[N/A],[N/A],[N/A]
1784632150.1799,2379,2080,96,0,79,96.93,0x0000000000000000,Not Active,Not Active,Not Active,1,1,5,16,[N/A],[N/A],[N/A]
1784632150.2801,2379,2080,96,0,79,96.93,0x0000000000000000,Not Active,Not Active,Not Active,1,1,5,16,[N/A],[N/A],[N/A]
1784632150.3802,2379,2080,96,0,79,96.93,0x0000000000000000,Not Active,Not Active,Not Active,1,1,5,16,[N/A],[N/A],[N/A]
1784632150.4803,2379,2080,96,0,79,96.93,0x0000000000000000,Not Active,Not Active,Not Active,1,1,5,16,[N/A],[N/A],[N/A]
1784632150.5805,2379,2080,96,0,79,96.93,0x0000000000000000,Not Active,Not Active,Not Active,1,1,5,16,[N/A],[N/A],[N/A]
1784632150.6814,2385,2086,96,0,80,96.69,0x0000000000000004,Active,Not Active,Not Active,1,1,5,16,[N/A],[N/A],[N/A]
1784632150.7817,2385,2086,96,0,80,96.69,0x0000000000000004,Active,Not Active,Not Active,1,1,5,16,[N/A],[N/A],[N/A]
1784632150.882,2385,2086,96,0,80,96.69,0x0000000000000004,Active,Not Active,Not Active,1,1,5,16,[N/A],[N/A],[N/A]
1784632150.9822,2385,2086,96,0,80,96.69,0x0000000000000004,Active,Not Active,Not Active,1,1,5,16,[N/A],[N/A],[N/A]
1784632151.0825,2385,2086,96,0,80,96.69,0x0000000000000004,Active,Not Active,Not Active,1,1,5,16,[N/A],[N/A],[N/A]
1784632151.1828,2379,2080,96,0,80,97.11,0x0000000000000000,Not Active,Not Active,Not Active,1,1,5,16,[N/A],[N/A],[N/A]
1784632151.2834,2379,2080,96,0,80,97.11,0x0000000000000000,Not Active,Not Active,Not Active,1,1,5,16,[N/A],[N/A],[N/A]
1784632151.3836,2379,2080,96,0,80,97.11,0x0000000000000000,Not Active,Not Active,Not Active,1,1,5,16,[N/A],[N/A],[N/A]
1784632151.4837,2379,2080,96,0,80,97.11,0x0000000000000000,Not Active,Not Active,Not Active,1,1,5,16,[N/A],[N/A],[N/A]
1784632151.584,2379,2080,96,0,80,97.11,0x0000000000000000,Not Active,Not Active,Not Active,1,1,5,16,[N/A],[N/A],[N/A]
1784632151.6842,2385,2086,96,0,81,97.13,0x0000000000000004,Active,Not Active,Not Active,1,1,5,16,[N/A],[N/A],[N/A]
1784632151.7846,2385,2086,96,0,81,97.13,0x0000000000000004,Active,Not Active,Not Active,1,1,5,16,[N/A],[N/A],[N/A]
1784632151.8853,2385,2086,96,0,81,97.13,0x0000000000000004,Active,Not Active,Not Active,1,1,5,16,[N/A],[N/A],[N/A]
1784632151.9858,2385,2086,96,0,81,97.13,0x0000000000000004,Active,Not Active,Not Active,1,1,5,16,[N/A],[N/A],[N/A]
1784632152.0864,2385,2086,96,0,81,97.13,0x0000000000000004,Active,Not Active,Not Active,1,1,5,16,[N/A],[N/A],[N/A]
1784632152.1864,2385,2086,96,0,80,97.15,0x0000000000000000,Not Active,Not Active,Not Active,1,1,5,16,[N/A],[N/A],[N/A]
1784632152.2865,2385,2086,96,0,80,97.15,0x0000000000000000,Not Active,Not Active,Not Active,1,1,5,16,[N/A],[N/A],[N/A]
1784632152.3867,2385,2086,96,0,80,97.15,0x0000000000000000,Not Active,Not Active,Not Active,1,1,5,16,[N/A],[N/A],[N/A]
1784632152.487,2385,2086,96,0,80,97.15,0x0000000000000000,Not Active,Not Active,Not Active,1,1,5,16,[N/A],[N/A],[N/A]
1784632152.5876,2385,2086,96,0,80,97.15,0x0000000000000000,Not Active,Not Active,Not Active,1,1,5,16,[N/A],[N/A],[N/A]
1784632152.6878,2385,2086,96,0,82,96.93,0x0000000000000004,Active,Not Active,Not Active,1,1,5,16,[N/A],[N/A],[N/A]
1784632152.788,2385,2086,96,0,82,96.93,0x0000000000000004,Active,Not Active,Not Active,1,1,5,16,[N/A],[N/A],[N/A]
1784632152.8882,2385,2086,96,0,82,96.93,0x0000000000000004,Active,Not Active,Not Active,1,1,5,16,[N/A],[N/A],[N/A]
1784632152.9885,2385,2086,96,0,82,96.93,0x0000000000000004,Active,Not Active,Not Active,1,1,5,16,[N/A],[N/A],[N/A]
1784632153.0888,2385,2086,96,0,82,96.93,0x0000000000000004,Active,Not Active,Not Active,1,1,5,16,[N/A],[N/A],[N/A]
1784632153.1891,2385,2086,96,0,79,97.02,0x0000000000000000,Not Active,Not Active,Not Active,1,1,5,16,[N/A],[N/A],[N/A]
1784632153.2898,2385,2086,96,0,79,97.02,0x0000000000000000,Not Active,Not Active,Not Active,1,1,5,16,[N/A],[N/A],[N/A]
1784632153.39,2385,2086,96,0,79,97.02,0x0000000000000000,Not Active,Not Active,Not Active,1,1,5,16,[N/A],[N/A],[N/A]
1784632153.4902,2385,2086,96,0,79,97.02,0x0000000000000000,Not Active,Not Active,Not Active,1,1,5,16,[N/A],[N/A],[N/A]
1784632153.5904,2385,2086,96,0,79,97.02,0x0000000000000000,Not Active,Not Active,Not Active,1,1,5,16,[N/A],[N/A],[N/A]
1784632153.6906,2385,2093,96,0,81,96.82,0x0000000000000000,Not Active,Not Active,Not Active,1,1,5,16,[N/A],[N/A],[N/A]
1784632153.7909,2385,2093,96,0,81,96.82,0x0000000000000000,Not Active,Not Active,Not Active,1,1,5,16,[N/A],[N/A],[N/A]
1784632153.8916,2385,2093,96,0,81,96.82,0x0000000000000000,Not Active,Not Active,Not Active,1,1,5,16,[N/A],[N/A],[N/A]
1784632153.9924,2385,2093,96,0,81,96.82,0x0000000000000000,Not Active,Not Active,Not Active,1,1,5,16,[N/A],[N/A],[N/A]
1784632154.0927,2385,2093,96,0,81,96.82,0x0000000000000000,Not Active,Not Active,Not Active,1,1,5,16,[N/A],[N/A],[N/A]
1784632154.1929,2392,2080,96,0,76,96.97,0x0000000000000000,Not Active,Not Active,Not Active,1,1,5,16,[N/A],[N/A],[N/A]
1784632154.2932,2392,2080,96,0,76,96.97,0x0000000000000000,Not Active,Not Active,Not Active,1,1,5,16,[N/A],[N/A],[N/A]
1784632154.3933,2392,2080,96,0,76,96.97,0x0000000000000000,Not Active,Not Active,Not Active,1,1,5,16,[N/A],[N/A],[N/A]
1784632154.4935,2392,2080,96,0,76,96.97,0x0000000000000000,Not Active,Not Active,Not Active,1,1,5,16,[N/A],[N/A],[N/A]
1784632154.5944,2392,2080,96,0,76,96.97,0x0000000000000000,Not Active,Not Active,Not Active,1,1,5,16,[N/A],[N/A],[N/A]
1784632154.695,2385,2093,96,0,80,96.74,0x0000000000000000,Not Active,Not Active,Not Active,1,1,5,16,[N/A],[N/A],[N/A]
1784632154.7952,2385,2093,96,0,80,96.74,0x0000000000000000,Not Active,Not Active,Not Active,1,1,5,16,[N/A],[N/A],[N/A]
1784632154.8954,2385,2093,96,0,80,96.74,0x0000000000000000,Not Active,Not Active,Not Active,1,1,5,16,[N/A],[N/A],[N/A]
1784632154.9957,2385,2093,96,0,80,96.74,0x0000000000000000,Not Active,Not Active,Not Active,1,1,5,16,[N/A],[N/A],[N/A]
1784632155.096,2385,2093,96,0,80,96.74,0x0000000000000000,Not Active,Not Active,Not Active,1,1,5,16,[N/A],[N/A],[N/A]
1784632155.1968,2385,2086,96,0,76,96.62,0x0000000000000000,Not Active,Not Active,Not Active,1,1,5,16,[N/A],[N/A],[N/A]
1784632155.2973,2385,2086,96,0,76,96.62,0x0000000000000000,Not Active,Not Active,Not Active,1,1,5,16,[N/A],[N/A],[N/A]
1784632155.398,2385,2086,96,0,76,96.62,0x0000000000000000,Not Active,Not Active,Not Active,1,1,5,16,[N/A],[N/A],[N/A]
1784632155.4982,2385,2086,96,0,76,96.62,0x0000000000000000,Not Active,Not Active,Not Active,1,1,5,16,[N/A],[N/A],[N/A]
1784632155.5984,2385,2086,96,0,76,96.62,0x0000000000000000,Not Active,Not Active,Not Active,1,1,5,16,[N/A],[N/A],[N/A]
1784632155.6988,2379,2086,96,0,81,96.24,0x0000000000000000,Not Active,Not Active,Not Active,1,1,5,16,[N/A],[N/A],[N/A]
1784632155.799,2379,2086,96,0,81,96.24,0x0000000000000000,Not Active,Not Active,Not Active,1,1,5,16,[N/A],[N/A],[N/A]
1784632155.8996,2379,2086,96,0,81,96.24,0x0000000000000000,Not Active,Not Active,Not Active,1,1,5,16,[N/A],[N/A],[N/A]
1784632156.0004,2379,2086,96,0,81,96.24,0x0000000000000000,Not Active,Not Active,Not Active,1,1,5,16,[N/A],[N/A],[N/A]
1784632156.101,2379,2086,96,0,81,96.24,0x0000000000000000,Not Active,Not Active,Not Active,1,1,5,16,[N/A],[N/A],[N/A]
1784632156.2012,2385,2080,96,0,77,95.86,0x0000000000000000,Not Active,Not Active,Not Active,1,1,5,16,[N/A],[N/A],[N/A]
1784632156.3014,2385,2080,96,0,77,95.86,0x0000000000000000,Not Active,Not Active,Not Active,1,1,5,16,[N/A],[N/A],[N/A]
1784632156.4017,2385,2080,96,0,77,95.86,0x0000000000000000,Not Active,Not Active,Not Active,1,1,5,16,[N/A],[N/A],[N/A]
1784632156.5019,2385,2080,96,0,77,95.86,0x0000000000000000,Not Active,Not Active,Not Active,1,1,5,16,[N/A],[N/A],[N/A]
1784632156.6024,2385,2080,96,0,77,95.86,0x0000000000000000,Not Active,Not Active,Not Active,1,1,5,16,[N/A],[N/A],[N/A]
1784632156.7029,2385,2086,96,0,81,95.53,0x0000000000000000,Not Active,Not Active,Not Active,1,1,5,16,[N/A],[N/A],[N/A]
1784632156.8034,2385,2086,96,0,81,95.53,0x0000000000000000,Not Active,Not Active,Not Active,1,1,5,16,[N/A],[N/A],[N/A]
1784632156.9036,2385,2086,96,0,81,95.53,0x0000000000000000,Not Active,Not Active,Not Active,1,1,5,16,[N/A],[N/A],[N/A]
1784632157.004,2385,2086,96,0,81,95.53,0x0000000000000000,Not Active,Not Active,Not Active,1,1,5,16,[N/A],[N/A],[N/A]
1784632157.1042,2385,2086,96,0,81,95.53,0x0000000000000000,Not Active,Not Active,Not Active,1,1,5,16,[N/A],[N/A],[N/A]
1784632157.2043,2385,2073,96,0,78,95.67,0x0000000000000000,Not Active,Not Active,Not Active,1,1,5,16,[N/A],[N/A],[N/A]
1784632157.3048,2385,2073,96,0,78,95.67,0x0000000000000000,Not Active,Not Active,Not Active,1,1,5,16,[N/A],[N/A],[N/A]
1784632157.4056,2385,2073,96,0,78,95.67,0x0000000000000000,Not Active,Not Active,Not Active,1,1,5,16,[N/A],[N/A],[N/A]
1784632157.5057,2385,2073,96,0,78,95.67,0x0000000000000000,Not Active,Not Active,Not Active,1,1,5,16,[N/A],[N/A],[N/A]
1784632157.606,2385,2073,96,0,78,95.67,0x0000000000000000,Not Active,Not Active,Not Active,1,1,5,16,[N/A],[N/A],[N/A]
1784632157.7063,2385,2086,96,0,81,95.54,0x0000000000000004,Active,Not Active,Not Active,1,1,5,16,[N/A],[N/A],[N/A]
1784632157.8065,2385,2086,96,0,81,95.54,0x0000000000000004,Active,Not Active,Not Active,1,1,5,16,[N/A],[N/A],[N/A]
1784632157.9068,2385,2086,96,0,81,95.54,0x0000000000000004,Active,Not Active,Not Active,1,1,5,16,[N/A],[N/A],[N/A]
1784632158.007,2385,2086,96,0,81,95.54,0x0000000000000004,Active,Not Active,Not Active,1,1,5,16,[N/A],[N/A],[N/A]
1784632158.108,2385,2086,96,0,81,95.54,0x0000000000000004,Active,Not Active,Not Active,1,1,5,16,[N/A],[N/A],[N/A]
1784632158.2088,2379,2080,96,0,78,95.67,0x0000000000000000,Not Active,Not Active,Not Active,1,1,5,16,[N/A],[N/A],[N/A]
1784632158.3094,2379,2080,96,0,78,95.67,0x0000000000000000,Not Active,Not Active,Not Active,1,1,5,16,[N/A],[N/A],[N/A]
1784632158.4097,2379,2080,96,0,78,95.67,0x0000000000000000,Not Active,Not Active,Not Active,1,1,5,16,[N/A],[N/A],[N/A]
1784632158.5098,2379,2080,96,0,78,95.67,0x0000000000000000,Not Active,Not Active,Not Active,1,1,5,16,[N/A],[N/A],[N/A]
1784632158.6103,2379,2080,96,0,78,95.67,0x0000000000000000,Not Active,Not Active,Not Active,1,1,5,16,[N/A],[N/A],[N/A]
1784632158.7112,2444,2132,46,0,80,88.64,0x0000000000000004,Active,Not Active,Not Active,1,1,5,16,[N/A],[N/A],[N/A]
1784632158.8114,2444,2132,46,0,80,88.64,0x0000000000000004,Active,Not Active,Not Active,1,1,5,16,[N/A],[N/A],[N/A]
1784632158.9116,2444,2132,46,0,80,88.64,0x0000000000000004,Active,Not Active,Not Active,1,1,5,16,[N/A],[N/A],[N/A]
1784632159.0118,2444,2132,46,0,80,88.64,0x0000000000000004,Active,Not Active,Not Active,1,1,5,16,[N/A],[N/A],[N/A]
1784632159.1124,2444,2132,46,0,80,88.64,0x0000000000000004,Active,Not Active,Not Active,1,1,5,16,[N/A],[N/A],[N/A]
1784632159.2126,2385,2093,96,0,80,88.89,0x0000000000000000,Not Active,Not Active,Not Active,1,1,5,16,[N/A],[N/A],[N/A]
1784632159.3128,2385,2093,96,0,80,88.89,0x0000000000000000,Not Active,Not Active,Not Active,1,1,5,16,[N/A],[N/A],[N/A]
1784632159.4141,2385,2093,96,0,80,88.89,0x0000000000000000,Not Active,Not Active,Not Active,1,1,5,16,[N/A],[N/A],[N/A]
1784632159.5148,2385,2093,96,0,80,88.89,0x0000000000000000,Not Active,Not Active,Not Active,1,1,5,16,[N/A],[N/A],[N/A]
1784632159.6151,2385,2093,96,0,80,88.89,0x0000000000000000,Not Active,Not Active,Not Active,1,1,5,16,[N/A],[N/A],[N/A]
1784632159.7154,2379,2086,96,0,81,96.59,0x0000000000000000,Not Active,Not Active,Not Active,1,1,5,16,[N/A],[N/A],[N/A]
1784632159.8157,2379,2086,96,0,81,96.59,0x0000000000000000,Not Active,Not Active,Not Active,1,1,5,16,[N/A],[N/A],[N/A]
1784632159.916,2379,2086,96,0,81,96.59,0x0000000000000000,Not Active,Not Active,Not Active,1,1,5,16,[N/A],[N/A],[N/A]
1784632160.0162,2379,2086,96,0,81,96.59,0x0000000000000000,Not Active,Not Active,Not Active,1,1,5,16,[N/A],[N/A],[N/A]
1784632160.1164,2379,2086,96,0,81,96.59,0x0000000000000000,Not Active,Not Active,Not Active,1,1,5,16,[N/A],[N/A],[N/A]
1784632160.2169,2385,2080,96,0,78,96.35,0x0000000000000000,Not Active,Not Active,Not Active,1,1,5,16,[N/A],[N/A],[N/A]
1784632160.3171,2385,2080,96,0,78,96.35,0x0000000000000000,Not Active,Not Active,Not Active,1,1,5,16,[N/A],[N/A],[N/A]
1784632160.4178,2385,2080,96,0,78,96.35,0x0000000000000000,Not Active,Not Active,Not Active,1,1,5,16,[N/A],[N/A],[N/A]
1784632160.518,2385,2080,96,0,78,96.35,0x0000000000000000,Not Active,Not Active,Not Active,1,1,5,16,[N/A],[N/A],[N/A]
1784632160.6183,2385,2080,96,0,78,96.35,0x0000000000000000,Not Active,Not Active,Not Active,1,1,5,16,[N/A],[N/A],[N/A]
1784632160.7185,2379,2086,96,0,80,96.72,0x0000000000000000,Not Active,Not Active,Not Active,1,1,5,16,[N/A],[N/A],[N/A]
1784632160.8188,2379,2086,96,0,80,96.72,0x0000000000000000,Not Active,Not Active,Not Active,1,1,5,16,[N/A],[N/A],[N/A]
1784632160.9195,2379,2086,96,0,80,96.72,0x0000000000000000,Not Active,Not Active,Not Active,1,1,5,16,[N/A],[N/A],[N/A]
1784632161.0198,2379,2086,96,0,80,96.72,0x0000000000000000,Not Active,Not Active,Not Active,1,1,5,16,[N/A],[N/A],[N/A]
1784632161.1199,2379,2086,96,0,80,96.72,0x0000000000000000,Not Active,Not Active,Not Active,1,1,5,16,[N/A],[N/A],[N/A]
1784632161.2201,2385,2086,96,0,79,96.70,0x0000000000000000,Not Active,Not Active,Not Active,1,1,5,16,[N/A],[N/A],[N/A]
1784632161.3203,2385,2086,96,0,79,96.70,0x0000000000000000,Not Active,Not Active,Not Active,1,1,5,16,[N/A],[N/A],[N/A]
1784632161.4206,2385,2086,96,0,79,96.70,0x0000000000000000,Not Active,Not Active,Not Active,1,1,5,16,[N/A],[N/A],[N/A]
1784632161.5209,2385,2086,96,0,79,96.70,0x0000000000000000,Not Active,Not Active,Not Active,1,1,5,16,[N/A],[N/A],[N/A]
1784632161.6214,2385,2086,96,0,79,96.70,0x0000000000000000,Not Active,Not Active,Not Active,1,1,5,16,[N/A],[N/A],[N/A]
1784632161.7213,2379,2086,96,0,80,96.81,0x0000000000000004,Active,Not Active,Not Active,1,1,5,16,[N/A],[N/A],[N/A]
1784632161.8217,2379,2086,96,0,80,96.81,0x0000000000000004,Active,Not Active,Not Active,1,1,5,16,[N/A],[N/A],[N/A]
1784632161.9219,2379,2086,96,0,80,96.81,0x0000000000000004,Active,Not Active,Not Active,1,1,5,16,[N/A],[N/A],[N/A]
1784632162.0222,2379,2086,96,0,80,96.81,0x0000000000000004,Active,Not Active,Not Active,1,1,5,16,[N/A],[N/A],[N/A]
1784632162.1225,2379,2086,96,0,80,96.81,0x0000000000000004,Active,Not Active,Not Active,1,1,5,16,[N/A],[N/A],[N/A]
1784632162.2233,2385,2086,96,0,79,96.64,0x0000000000000000,Not Active,Not Active,Not Active,1,1,5,16,[N/A],[N/A],[N/A]
1784632162.3234,2385,2086,96,0,79,96.64,0x0000000000000000,Not Active,Not Active,Not Active,1,1,5,16,[N/A],[N/A],[N/A]
1784632162.4242,2385,2086,96,0,79,96.64,0x0000000000000000,Not Active,Not Active,Not Active,1,1,5,16,[N/A],[N/A],[N/A]
1784632162.524,2385,2086,96,0,79,96.64,0x0000000000000000,Not Active,Not Active,Not Active,1,1,5,16,[N/A],[N/A],[N/A]
1784632162.6243,2385,2086,96,0,79,96.64,0x0000000000000000,Not Active,Not Active,Not Active,1,1,5,16,[N/A],[N/A],[N/A]
1784632162.7245,2379,2086,96,0,81,96.63,0x0000000000000004,Active,Not Active,Not Active,1,1,5,16,[N/A],[N/A],[N/A]
