timestamp_unix,sm_clock_mhz,video_clock_mhz,sm_active_pct,dram_active_pct,gpu_temp_c,power_draw_w,throttle_active_mask,throttle_sw_power_cap,throttle_hw_thermal,throttle_gpu_idle,pcie_gen,pcie_width,pcie_gen_max,pcie_width_max,gpu_mem_total_bytes,gpu_mem_used_bytes,gpu_mem_free_bytes
1784689139.1919,214,598,0,0,40,4.42,0x0000000000000000,Not Active,Not Active,Not Active,1,1,5,16,[N/A],[N/A],[N/A]
1784689139.2932,214,598,0,0,40,4.42,0x0000000000000000,Not Active,Not Active,Not Active,1,1,5,16,[N/A],[N/A],[N/A]
1784689139.3934,214,598,0,0,40,4.42,0x0000000000000000,Not Active,Not Active,Not Active,1,1,5,16,[N/A],[N/A],[N/A]
1784689139.4943,214,598,0,0,40,4.42,0x0000000000000000,Not Active,Not Active,Not Active,1,1,5,16,[N/A],[N/A],[N/A]
1784689139.5952,214,598,0,0,40,4.42,0x0000000000000000,Not Active,Not Active,Not Active,1,1,5,16,[N/A],[N/A],[N/A]
1784689139.6954,214,598,0,0,40,4.42,0x0000000000000000,Not Active,Not Active,Not Active,1,1,5,16,[N/A],[N/A],[N/A]
1784689139.7958,214,598,0,0,40,4.42,0x0000000000000000,Not Active,Not Active,Not Active,1,1,5,16,[N/A],[N/A],[N/A]
1784689139.8961,214,598,0,0,40,4.42,0x0000000000000000,Not Active,Not Active,Not Active,1,1,5,16,[N/A],[N/A],[N/A]
1784689139.9968,208,598,0,0,40,4.42,0x0000000000000004,Active,Not Active,Not Active,1,1,5,16,[N/A],[N/A],[N/A]
1784689140.0974,208,598,0,0,40,4.42,0x0000000000000004,Active,Not Active,Not Active,1,1,5,16,[N/A],[N/A],[N/A]
1784689140.1978,208,598,0,0,40,4.42,0x0000000000000004,Active,Not Active,Not Active,1,1,5,16,[N/A],[N/A],[N/A]
1784689140.2984,208,598,0,0,40,4.42,0x0000000000000004,Active,Not Active,Not Active,1,1,5,16,[N/A],[N/A],[N/A]
1784689140.3988,208,598,0,0,40,4.42,0x0000000000000004,Active,Not Active,Not Active,1,1,5,16,[N/A],[N/A],[N/A]
1784689140.4991,208,598,0,0,40,4.44,0x0000000000000000,Not Active,Not Active,Not Active,1,1,5,16,[N/A],[N/A],[N/A]
1784689140.5995,208,598,0,0,40,4.44,0x0000000000000000,Not Active,Not Active,Not Active,1,1,5,16,[N/A],[N/A],[N/A]
1784689140.7002,208,598,0,0,40,4.44,0x0000000000000000,Not Active,Not Active,Not Active,1,1,5,16,[N/A],[N/A],[N/A]
1784689140.8009,208,598,0,0,40,4.44,0x0000000000000000,Not Active,Not Active,Not Active,1,1,5,16,[N/A],[N/A],[N/A]
1784689140.9011,208,598,0,0,40,4.44,0x0000000000000000,Not Active,Not Active,Not Active,1,1,5,16,[N/A],[N/A],[N/A]
1784689141.0015,208,598,0,0,40,4.44,0x0000000000000000,Not Active,Not Active,Not Active,1,1,5,16,[N/A],[N/A],[N/A]
1784689141.1021,208,598,0,0,40,4.44,0x0000000000000000,Not Active,Not Active,Not Active,1,1,5,16,[N/A],[N/A],[N/A]
1784689141.2028,208,598,0,0,40,4.44,0x0000000000000000,Not Active,Not Active,Not Active,1,1,5,16,[N/A],[N/A],[N/A]
1784689141.303,208,598,0,0,40,4.44,0x0000000000000000,Not Active,Not Active,Not Active,1,1,5,16,[N/A],[N/A],[N/A]
1784689141.4037,208,598,0,0,40,4.44,0x0000000000000000,Not Active,Not Active,Not Active,1,1,5,16,[N/A],[N/A],[N/A]
1784689141.5041,208,598,0,0,40,4.44,0x0000000000000000,Not Active,Not Active,Not Active,1,1,5,16,[N/A],[N/A],[N/A]
1784689141.6043,208,598,0,0,40,4.44,0x0000000000000000,Not Active,Not Active,Not Active,1,1,5,16,[N/A],[N/A],[N/A]
1784689141.7049,208,598,0,0,40,4.44,0x0000000000000000,Not Active,Not Active,Not Active,1,1,5,16,[N/A],[N/A],[N/A]
1784689141.8056,208,598,0,0,40,4.44,0x0000000000000000,Not Active,Not Active,Not Active,1,1,5,16,[N/A],[N/A],[N/A]
1784689141.9062,208,598,0,0,40,4.44,0x0000000000000000,Not Active,Not Active,Not Active,1,1,5,16,[N/A],[N/A],[N/A]
1784689142.0064,214,598,0,0,40,4.49,0x0000000000000000,Not Active,Not Active,Not Active,1,1,5,16,[N/A],[N/A],[N/A]
1784689142.1071,214,598,0,0,40,4.49,0x0000000000000000,Not Active,Not Active,Not Active,1,1,5,16,[N/A],[N/A],[N/A]
1784689142.2077,214,598,0,0,40,4.49,0x0000000000000000,Not Active,Not Active,Not Active,1,1,5,16,[N/A],[N/A],[N/A]
1784689142.3083,214,598,0,0,40,4.49,0x0000000000000000,Not Active,Not Active,Not Active,1,1,5,16,[N/A],[N/A],[N/A]
1784689142.4086,214,598,0,0,40,4.49,0x0000000000000000,Not Active,Not Active,Not Active,1,1,5,16,[N/A],[N/A],[N/A]
1784689142.5094,214,598,0,0,40,4.49,0x0000000000000000,Not Active,Not Active,Not Active,1,1,5,16,[N/A],[N/A],[N/A]
1784689142.6097,214,598,0,0,40,4.49,0x0000000000000000,Not Active,Not Active,Not Active,1,1,5,16,[N/A],[N/A],[N/A]
1784689142.7104,214,598,0,0,40,4.49,0x0000000000000000,Not Active,Not Active,Not Active,1,1,5,16,[N/A],[N/A],[N/A]
1784689142.8107,214,598,0,0,40,4.49,0x0000000000000000,Not Active,Not Active,Not Active,1,1,5,16,[N/A],[N/A],[N/A]
1784689142.911,208,598,3,0,40,4.49,0x0000000000000000,Not Active,Not Active,Not Active,1,1,5,16,[N/A],[N/A],[N/A]
1784689143.0117,208,598,3,0,40,4.49,0x0000000000000000,Not Active,Not Active,Not Active,1,1,5,16,[N/A],[N/A],[N/A]
1784689143.1121,208,598,3,0,40,4.49,0x0000000000000000,Not Active,Not Active,Not Active,1,1,5,16,[N/A],[N/A],[N/A]
1784689143.2123,208,598,3,0,40,4.49,0x0000000000000000,Not Active,Not Active,Not Active,1,1,5,16,[N/A],[N/A],[N/A]
1784689143.313,208,598,3,0,40,4.49,0x0000000000000000,Not Active,Not Active,Not Active,1,1,5,16,[N/A],[N/A],[N/A]
1784689143.4136,208,598,3,0,40,4.49,0x0000000000000000,Not Active,Not Active,Not Active,1,1,5,16,[N/A],[N/A],[N/A]
1784689143.514,208,598,3,0,40,4.49,0x0000000000000000,Not Active,Not Active,Not Active,1,1,5,16,[N/A],[N/A],[N/A]
1784689143.6144,208,598,3,0,40,4.49,0x0000000000000000,Not Active,Not Active,Not Active,1,1,5,16,[N/A],[N/A],[N/A]
1784689143.7155,208,598,3,0,40,4.49,0x0000000000000000,Not Active,Not Active,Not Active,1,1,5,16,[N/A],[N/A],[N/A]
1784689143.8159,208,598,3,0,40,4.49,0x0000000000000000,Not Active,Not Active,Not Active,1,1,5,16,[N/A],[N/A],[N/A]
1784689143.9165,214,598,0,0,40,4.51,0x0000000000000000,Not Active,Not Active,Not Active,1,1,5,16,[N/A],[N/A],[N/A]
1784689144.0169,214,598,0,0,40,4.51,0x0000000000000000,Not Active,Not Active,Not Active,1,1,5,16,[N/A],[N/A],[N/A]
1784689144.1175,214,598,0,0,40,4.51,0x0000000000000000,Not Active,Not Active,Not Active,1,1,5,16,[N/A],[N/A],[N/A]
1784689144.2179,214,598,0,0,40,4.51,0x0000000000000000,Not Active,Not Active,Not Active,1,1,5,16,[N/A],[N/A],[N/A]
1784689144.3186,214,598,0,0,40,4.51,0x0000000000000000,Not Active,Not Active,Not Active,1,1,5,16,[N/A],[N/A],[N/A]
1784689144.4189,214,598,0,0,40,4.51,0x0000000000000000,Not Active,Not Active,Not Active,1,1,5,16,[N/A],[N/A],[N/A]
1784689144.5196,214,598,0,0,40,4.51,0x0000000000000000,Not Active,Not Active,Not Active,1,1,5,16,[N/A],[N/A],[N/A]
1784689144.6198,214,598,0,0,40,4.51,0x0000000000000000,Not Active,Not Active,Not Active,1,1,5,16,[N/A],[N/A],[N/A]
1784689144.7201,214,598,0,0,40,4.51,0x0000000000000000,Not Active,Not Active,Not Active,1,1,5,16,[N/A],[N/A],[N/A]
1784689144.8208,214,598,0,0,40,4.51,0x0000000000000000,Not Active,Not Active,Not Active,1,1,5,16,[N/A],[N/A],[N/A]
1784689144.9215,208,598,0,0,41,4.50,0x0000000000000004,Active,Not Active,Not Active,1,1,5,16,[N/A],[N/A],[N/A]
1784689145.0222,208,598,0,0,41,4.50,0x0000000000000004,Active,Not Active,Not Active,1,1,5,16,[N/A],[N/A],[N/A]
1784689145.1228,208,598,0,0,41,4.50,0x0000000000000004,Active,Not Active,Not Active,1,1,5,16,[N/A],[N/A],[N/A]
1784689145.2232,208,598,0,0,41,4.50,0x0000000000000004,Active,Not Active,Not Active,1,1,5,16,[N/A],[N/A],[N/A]
1784689145.3238,208,598,0,0,41,4.50,0x0000000000000004,Active,Not Active,Not Active,1,1,5,16,[N/A],[N/A],[N/A]
1784689145.4241,208,598,0,0,41,4.50,0x0000000000000004,Active,Not Active,Not Active,1,1,5,16,[N/A],[N/A],[N/A]
1784689145.5247,208,598,0,0,41,4.50,0x0000000000000004,Active,Not Active,Not Active,1,1,5,16,[N/A],[N/A],[N/A]
1784689145.6254,208,598,0,0,41,4.50,0x0000000000000004,Active,Not Active,Not Active,1,1,5,16,[N/A],[N/A],[N/A]
1784689145.7256,208,598,0,0,41,4.50,0x0000000000000004,Active,Not Active,Not Active,1,1,5,16,[N/A],[N/A],[N/A]
1784689145.8262,208,598,0,0,41,4.50,0x0000000000000004,Active,Not Active,Not Active,1,1,5,16,[N/A],[N/A],[N/A]
1784689145.9268,214,598,0,0,41,4.50,0x0000000000000000,Not Active,Not Active,Not Active,1,1,5,16,[N/A],[N/A],[N/A]
1784689146.0274,214,598,0,0,41,4.50,0x0000000000000000,Not Active,Not Active,Not Active,1,1,5,16,[N/A],[N/A],[N/A]
1784689146.1278,214,598,0,0,41,4.50,0x0000000000000000,Not Active,Not Active,Not Active,1,1,5,16,[N/A],[N/A],[N/A]
1784689146.2282,214,598,0,0,41,4.50,0x0000000000000000,Not Active,Not Active,Not Active,1,1,5,16,[N/A],[N/A],[N/A]
1784689146.3286,214,598,0,0,41,4.50,0x0000000000000000,Not Active,Not Active,Not Active,1,1,5,16,[N/A],[N/A],[N/A]
1784689146.429,214,598,0,0,41,4.50,0x0000000000000000,Not Active,Not Active,Not Active,1,1,5,16,[N/A],[N/A],[N/A]
1784689146.5299,214,598,0,0,41,4.50,0x0000000000000000,Not Active,Not Active,Not Active,1,1,5,16,[N/A],[N/A],[N/A]
1784689146.6305,214,598,0,0,41,4.50,0x0000000000000000,Not Active,Not Active,Not Active,1,1,5,16,[N/A],[N/A],[N/A]
1784689146.7309,214,598,0,0,41,4.50,0x0000000000000000,Not Active,Not Active,Not Active,1,1,5,16,[N/A],[N/A],[N/A]
1784689146.8313,214,598,0,0,41,4.50,0x0000000000000000,Not Active,Not Active,Not Active,1,1,5,16,[N/A],[N/A],[N/A]
1784689146.9319,208,598,0,0,41,4.49,0x0000000000000004,Active,Not Active,Not Active,1,1,5,16,[N/A],[N/A],[N/A]
1784689147.0323,208,598,0,0,41,4.49,0x0000000000000004,Active,Not Active,Not Active,1,1,5,16,[N/A],[N/A],[N/A]
1784689147.133,208,598,0,0,41,4.49,0x0000000000000004,Active,Not Active,Not Active,1,1,5,16,[N/A],[N/A],[N/A]
1784689147.2337,208,598,0,0,41,4.49,0x0000000000000004,Active,Not Active,Not Active,1,1,5,16,[N/A],[N/A],[N/A]
1784689147.3341,208,598,0,0,41,4.49,0x0000000000000004,Active,Not Active,Not Active,1,1,5,16,[N/A],[N/A],[N/A]
1784689147.4347,208,598,0,0,41,4.49,0x0000000000000004,Active,Not Active,Not Active,1,1,5,16,[N/A],[N/A],[N/A]
1784689147.5353,208,598,0,0,41,4.49,0x0000000000000004,Active,Not Active,Not Active,1,1,5,16,[N/A],[N/A],[N/A]
1784689147.636,208,598,0,0,41,4.49,0x0000000000000004,Active,Not Active,Not Active,1,1,5,16,[N/A],[N/A],[N/A]
1784689147.7367,208,598,0,0,41,4.49,0x0000000000000004,Active,Not Active,Not Active,1,1,5,16,[N/A],[N/A],[N/A]
1784689147.8372,208,598,0,0,41,4.49,0x0000000000000004,Active,Not Active,Not Active,1,1,5,16,[N/A],[N/A],[N/A]
1784689147.9375,214,598,0,0,41,4.51,0x0000000000000000,Not Active,Not Active,Not Active,1,1,5,16,[N/A],[N/A],[N/A]
1784689148.0382,214,598,0,0,41,4.51,0x0000000000000000,Not Active,Not Active,Not Active,1,1,5,16,[N/A],[N/A],[N/A]
1784689148.1389,214,598,0,0,41,4.51,0x0000000000000000,Not Active,Not Active,Not Active,1,1,5,16,[N/A],[N/A],[N/A]
1784689148.2395,214,598,0,0,41,4.51,0x0000000000000000,Not Active,Not Active,Not Active,1,1,5,16,[N/A],[N/A],[N/A]
1784689148.3399,214,598,0,0,41,4.51,0x0000000000000000,Not Active,Not Active,Not Active,1,1,5,16,[N/A],[N/A],[N/A]
1784689148.4403,214,598,0,0,41,4.51,0x0000000000000000,Not Active,Not Active,Not Active,1,1,5,16,[N/A],[N/A],[N/A]
1784689148.5407,214,598,0,0,41,4.51,0x0000000000000000,Not Active,Not Active,Not Active,1,1,5,16,[N/A],[N/A],[N/A]
1784689148.6412,214,598,0,0,41,4.51,0x0000000000000000,Not Active,Not Active,Not Active,1,1,5,16,[N/A],[N/A],[N/A]
1784689148.7419,214,598,0,0,41,4.51,0x0000000000000000,Not Active,Not Active,Not Active,1,1,5,16,[N/A],[N/A],[N/A]
1784689148.8423,214,598,0,0,41,4.51,0x0000000000000000,Not Active,Not Active,Not Active,1,1,5,16,[N/A],[N/A],[N/A]
1784689148.9426,208,598,0,0,41,4.53,0x0000000000000004,Active,Not Active,Not Active,1,1,5,16,[N/A],[N/A],[N/A]
1784689149.043,208,598,0,0,41,4.53,0x0000000000000004,Active,Not Active,Not Active,1,1,5,16,[N/A],[N/A],[N/A]
1784689149.1435,208,598,0,0,41,4.53,0x0000000000000004,Active,Not Active,Not Active,1,1,5,16,[N/A],[N/A],[N/A]
1784689149.2441,208,598,0,0,41,4.53,0x0000000000000004,Active,Not Active,Not Active,1,1,5,16,[N/A],[N/A],[N/A]
1784689149.3445,208,598,0,0,41,4.53,0x0000000000000004,Active,Not Active,Not Active,1,1,5,16,[N/A],[N/A],[N/A]
1784689149.4449,208,598,0,0,41,4.53,0x0000000000000004,Active,Not Active,Not Active,1,1,5,16,[N/A],[N/A],[N/A]
1784689149.5453,208,598,0,0,41,4.53,0x0000000000000004,Active,Not Active,Not Active,1,1,5,16,[N/A],[N/A],[N/A]
1784689149.6459,208,598,0,0,41,4.53,0x0000000000000004,Active,Not Active,Not Active,1,1,5,16,[N/A],[N/A],[N/A]
1784689149.7463,208,598,0,0,41,4.53,0x0000000000000004,Active,Not Active,Not Active,1,1,5,16,[N/A],[N/A],[N/A]
1784689149.847,208,598,0,0,41,4.53,0x0000000000000004,Active,Not Active,Not Active,1,1,5,16,[N/A],[N/A],[N/A]
1784689149.9476,214,598,0,0,41,4.52,0x0000000000000000,Not Active,Not Active,Not Active,1,1,5,16,[N/A],[N/A],[N/A]
1784689150.048,214,598,0,0,41,4.52,0x0000000000000000,Not Active,Not Active,Not Active,1,1,5,16,[N/A],[N/A],[N/A]
1784689150.1485,214,598,0,0,41,4.52,0x0000000000000000,Not Active,Not Active,Not Active,1,1,5,16,[N/A],[N/A],[N/A]
1784689150.2489,214,598,0,0,41,4.52,0x0000000000000000,Not Active,Not Active,Not Active,1,1,5,16,[N/A],[N/A],[N/A]
1784689150.3494,214,598,0,0,41,4.52,0x0000000000000000,Not Active,Not Active,Not Active,1,1,5,16,[N/A],[N/A],[N/A]
1784689150.4502,214,598,0,0,41,4.52,0x0000000000000000,Not Active,Not Active,Not Active,1,1,5,16,[N/A],[N/A],[N/A]
1784689150.5504,214,598,0,0,41,4.52,0x0000000000000000,Not Active,Not Active,Not Active,1,1,5,16,[N/A],[N/A],[N/A]
1784689150.651,214,598,0,0,41,4.52,0x0000000000000000,Not Active,Not Active,Not Active,1,1,5,16,[N/A],[N/A],[N/A]
1784689150.7515,214,598,0,0,41,4.52,0x0000000000000000,Not Active,Not Active,Not Active,1,1,5,16,[N/A],[N/A],[N/A]
1784689150.852,214,598,0,0,41,4.52,0x0000000000000000,Not Active,Not Active,Not Active,1,1,5,16,[N/A],[N/A],[N/A]
1784689150.9527,208,598,0,0,41,4.48,0x0000000000000004,Active,Not Active,Not Active,1,1,5,16,[N/A],[N/A],[N/A]
1784689151.0531,208,598,0,0,41,4.48,0x0000000000000004,Active,Not Active,Not Active,1,1,5,16,[N/A],[N/A],[N/A]
1784689151.1537,208,598,0,0,41,4.48,0x0000000000000004,Active,Not Active,Not Active,1,1,5,16,[N/A],[N/A],[N/A]
1784689151.2544,208,598,0,0,41,4.48,0x0000000000000004,Active,Not Active,Not Active,1,1,5,16,[N/A],[N/A],[N/A]
1784689151.3549,208,598,0,0,41,4.48,0x0000000000000004,Active,Not Active,Not Active,1,1,5,16,[N/A],[N/A],[N/A]
1784689151.4555,208,598,0,0,41,4.48,0x0000000000000004,Active,Not Active,Not Active,1,1,5,16,[N/A],[N/A],[N/A]
1784689151.5562,208,598,0,0,41,4.48,0x0000000000000004,Active,Not Active,Not Active,1,1,5,16,[N/A],[N/A],[N/A]
1784689151.6566,208,598,0,0,41,4.48,0x0000000000000004,Active,Not Active,Not Active,1,1,5,16,[N/A],[N/A],[N/A]
1784689151.7572,208,598,0,0,41,4.48,0x0000000000000004,Active,Not Active,Not Active,1,1,5,16,[N/A],[N/A],[N/A]
1784689151.8579,208,598,0,0,41,4.48,0x0000000000000004,Active,Not Active,Not Active,1,1,5,16,[N/A],[N/A],[N/A]
1784689151.9584,214,598,0,0,41,4.49,0x0000000000000000,Not Active,Not Active,Not Active,1,1,5,16,[N/A],[N/A],[N/A]
1784689152.0589,214,598,0,0,41,4.49,0x0000000000000000,Not Active,Not Active,Not Active,1,1,5,16,[N/A],[N/A],[N/A]
1784689152.1594,214,598,0,0,41,4.49,0x0000000000000000,Not Active,Not Active,Not Active,1,1,5,16,[N/A],[N/A],[N/A]
1784689152.2599,214,598,0,0,41,4.49,0x0000000000000000,Not Active,Not Active,Not Active,1,1,5,16,[N/A],[N/A],[N/A]
1784689152.3605,214,598,0,0,41,4.49,0x0000000000000000,Not Active,Not Active,Not Active,1,1,5,16,[N/A],[N/A],[N/A]
1784689152.4609,214,598,0,0,41,4.49,0x0000000000000000,Not Active,Not Active,Not Active,1,1,5,16,[N/A],[N/A],[N/A]
1784689152.5616,214,598,0,0,41,4.49,0x0000000000000000,Not Active,Not Active,Not Active,1,1,5,16,[N/A],[N/A],[N/A]
1784689152.6619,214,598,0,0,41,4.49,0x0000000000000000,Not Active,Not Active,Not Active,1,1,5,16,[N/A],[N/A],[N/A]
1784689152.7622,214,598,0,0,41,4.49,0x0000000000000000,Not Active,Not Active,Not Active,1,1,5,16,[N/A],[N/A],[N/A]
1784689152.8795,214,598,0,0,41,4.49,0x0000000000000000,Not Active,Not Active,Not Active,1,1,5,16,[N/A],[N/A],[N/A]
1784689152.98,208,598,5,0,41,4.58,0x0000000000000000,Not Active,Not Active,Not Active,1,1,5,16,[N/A],[N/A],[N/A]
1784689153.0806,208,598,5,0,41,4.58,0x0000000000000000,Not Active,Not Active,Not Active,1,1,5,16,[N/A],[N/A],[N/A]
1784689153.1809,208,598,5,0,41,4.58,0x0000000000000000,Not Active,Not Active,Not Active,1,1,5,16,[N/A],[N/A],[N/A]
1784689153.2814,208,598,5,0,41,4.58,0x0000000000000000,Not Active,Not Active,Not Active,1,1,5,16,[N/A],[N/A],[N/A]
1784689153.3819,208,598,5,0,41,4.58,0x0000000000000000,Not Active,Not Active,Not Active,1,1,5,16,[N/A],[N/A],[N/A]
1784689153.4825,214,598,96,0,41,5.06,0x0000000000000000,Not Active,Not Active,Not Active,1,1,5,16,[N/A],[N/A],[N/A]
1784689153.583,214,598,96,0,41,5.06,0x0000000000000000,Not Active,Not Active,Not Active,1,1,5,16,[N/A],[N/A],[N/A]
1784689153.6833,214,598,96,0,41,5.06,0x0000000000000000,Not Active,Not Active,Not Active,1,1,5,16,[N/A],[N/A],[N/A]
1784689153.7835,214,598,96,0,41,5.06,0x0000000000000000,Not Active,Not Active,Not Active,1,1,5,16,[N/A],[N/A],[N/A]
1784689153.884,214,598,96,0,41,5.06,0x0000000000000000,Not Active,Not Active,Not Active,1,1,5,16,[N/A],[N/A],[N/A]
1784689153.9845,214,598,96,0,41,6.37,0x0000000000000000,Not Active,Not Active,Not Active,1,1,5,16,[N/A],[N/A],[N/A]
1784689154.0848,214,598,96,0,41,6.37,0x0000000000000000,Not Active,Not Active,Not Active,1,1,5,16,[N/A],[N/A],[N/A]
1784689154.1853,214,598,96,0,41,6.37,0x0000000000000000,Not Active,Not Active,Not Active,1,1,5,16,[N/A],[N/A],[N/A]
1784689154.2855,214,598,96,0,41,6.37,0x0000000000000000,Not Active,Not Active,Not Active,1,1,5,16,[N/A],[N/A],[N/A]
1784689154.386,214,598,96,0,41,6.37,0x0000000000000000,Not Active,Not Active,Not Active,1,1,5,16,[N/A],[N/A],[N/A]
1784689154.4863,214,598,96,0,41,6.87,0x0000000000000000,Not Active,Not Active,Not Active,1,1,5,16,[N/A],[N/A],[N/A]
1784689154.5865,214,598,96,0,41,6.87,0x0000000000000000,Not Active,Not Active,Not Active,1,1,5,16,[N/A],[N/A],[N/A]
1784689154.6867,214,598,96,0,41,6.87,0x0000000000000000,Not Active,Not Active,Not Active,1,1,5,16,[N/A],[N/A],[N/A]
1784689154.787,214,598,96,0,41,6.87,0x0000000000000000,Not Active,Not Active,Not Active,1,1,5,16,[N/A],[N/A],[N/A]
1784689154.8873,214,598,96,0,41,6.87,0x0000000000000000,Not Active,Not Active,Not Active,1,1,5,16,[N/A],[N/A],[N/A]
1784689154.9875,214,598,96,0,41,6.87,0x0000000000000000,Not Active,Not Active,Not Active,1,1,5,16,[N/A],[N/A],[N/A]
1784689155.088,214,598,96,0,41,6.87,0x0000000000000000,Not Active,Not Active,Not Active,1,1,5,16,[N/A],[N/A],[N/A]
1784689155.1885,214,598,96,0,41,6.87,0x0000000000000000,Not Active,Not Active,Not Active,1,1,5,16,[N/A],[N/A],[N/A]
1784689155.2889,214,598,96,0,41,6.87,0x0000000000000000,Not Active,Not Active,Not Active,1,1,5,16,[N/A],[N/A],[N/A]
1784689155.3895,214,598,96,0,41,6.87,0x0000000000000000,Not Active,Not Active,Not Active,1,1,5,16,[N/A],[N/A],[N/A]
1784689155.4896,214,598,96,0,41,6.86,0x0000000000000000,Not Active,Not Active,Not Active,1,1,5,16,[N/A],[N/A],[N/A]
1784689155.5901,214,598,96,0,41,6.86,0x0000000000000000,Not Active,Not Active,Not Active,1,1,5,16,[N/A],[N/A],[N/A]
1784689155.6906,214,598,96,0,41,6.86,0x0000000000000000,Not Active,Not Active,Not Active,1,1,5,16,[N/A],[N/A],[N/A]
1784689155.7913,214,598,96,0,41,6.86,0x0000000000000000,Not Active,Not Active,Not Active,1,1,5,16,[N/A],[N/A],[N/A]
1784689155.8915,214,598,96,0,41,6.86,0x0000000000000000,Not Active,Not Active,Not Active,1,1,5,16,[N/A],[N/A],[N/A]
1784689155.992,214,598,96,0,41,6.86,0x0000000000000000,Not Active,Not Active,Not Active,1,1,5,16,[N/A],[N/A],[N/A]
1784689156.0925,214,598,96,0,41,6.86,0x0000000000000000,Not Active,Not Active,Not Active,1,1,5,16,[N/A],[N/A],[N/A]
1784689156.1928,214,598,96,0,41,6.86,0x0000000000000000,Not Active,Not Active,Not Active,1,1,5,16,[N/A],[N/A],[N/A]
1784689156.2931,214,598,96,0,41,6.86,0x0000000000000000,Not Active,Not Active,Not Active,1,1,5,16,[N/A],[N/A],[N/A]
1784689156.3933,214,598,96,0,41,6.86,0x0000000000000000,Not Active,Not Active,Not Active,1,1,5,16,[N/A],[N/A],[N/A]
1784689156.4939,214,598,96,0,41,6.89,0x0000000000000000,Not Active,Not Active,Not Active,1,1,5,16,[N/A],[N/A],[N/A]
1784689156.5945,214,598,96,0,41,6.89,0x0000000000000000,Not Active,Not Active,Not Active,1,1,5,16,[N/A],[N/A],[N/A]
1784689156.6947,214,598,96,0,41,6.89,0x0000000000000000,Not Active,Not Active,Not Active,1,1,5,16,[N/A],[N/A],[N/A]
1784689156.7951,214,598,96,0,41,6.89,0x0000000000000000,Not Active,Not Active,Not Active,1,1,5,16,[N/A],[N/A],[N/A]
1784689156.8954,214,598,96,0,41,6.89,0x0000000000000000,Not Active,Not Active,Not Active,1,1,5,16,[N/A],[N/A],[N/A]
1784689156.9957,214,598,96,0,41,6.88,0x0000000000000000,Not Active,Not Active,Not Active,1,1,5,16,[N/A],[N/A],[N/A]
1784689157.0959,214,598,96,0,41,6.88,0x0000000000000000,Not Active,Not Active,Not Active,1,1,5,16,[N/A],[N/A],[N/A]
1784689157.1966,214,598,96,0,41,6.88,0x0000000000000000,Not Active,Not Active,Not Active,1,1,5,16,[N/A],[N/A],[N/A]
1784689157.2968,214,598,96,0,41,6.88,0x0000000000000000,Not Active,Not Active,Not Active,1,1,5,16,[N/A],[N/A],[N/A]
1784689157.3973,214,598,96,0,41,6.88,0x0000000000000000,Not Active,Not Active,Not Active,1,1,5,16,[N/A],[N/A],[N/A]
1784689157.4979,214,598,96,0,41,6.88,0x0000000000000000,Not Active,Not Active,Not Active,1,1,5,16,[N/A],[N/A],[N/A]
1784689157.5981,214,598,96,0,41,6.88,0x0000000000000000,Not Active,Not Active,Not Active,1,1,5,16,[N/A],[N/A],[N/A]
1784689157.6988,214,598,96,0,41,6.88,0x0000000000000000,Not Active,Not Active,Not Active,1,1,5,16,[N/A],[N/A],[N/A]
1784689157.7993,214,598,96,0,41,6.88,0x0000000000000000,Not Active,Not Active,Not Active,1,1,5,16,[N/A],[N/A],[N/A]
1784689157.8994,214,598,96,0,41,6.88,0x0000000000000000,Not Active,Not Active,Not Active,1,1,5,16,[N/A],[N/A],[N/A]
1784689157.9997,214,598,96,0,41,6.89,0x0000000000000000,Not Active,Not Active,Not Active,1,1,5,16,[N/A],[N/A],[N/A]
1784689158.1002,214,598,96,0,41,6.89,0x0000000000000000,Not Active,Not Active,Not Active,1,1,5,16,[N/A],[N/A],[N/A]
1784689158.2005,214,598,96,0,41,6.89,0x0000000000000000,Not Active,Not Active,Not Active,1,1,5,16,[N/A],[N/A],[N/A]
1784689158.3006,214,598,96,0,41,6.89,0x0000000000000000,Not Active,Not Active,Not Active,1,1,5,16,[N/A],[N/A],[N/A]
1784689158.4011,214,598,96,0,41,6.89,0x0000000000000000,Not Active,Not Active,Not Active,1,1,5,16,[N/A],[N/A],[N/A]
1784689158.5014,214,591,96,0,41,6.89,0x0000000000000000,Not Active,Not Active,Not Active,1,1,5,16,[N/A],[N/A],[N/A]
1784689158.6016,214,591,96,0,41,6.89,0x0000000000000000,Not Active,Not Active,Not Active,1,1,5,16,[N/A],[N/A],[N/A]
1784689158.7018,214,591,96,0,41,6.89,0x0000000000000000,Not Active,Not Active,Not Active,1,1,5,16,[N/A],[N/A],[N/A]
1784689158.8023,214,591,96,0,41,6.89,0x0000000000000000,Not Active,Not Active,Not Active,1,1,5,16,[N/A],[N/A],[N/A]
1784689158.9026,214,591,96,0,41,6.89,0x0000000000000000,Not Active,Not Active,Not Active,1,1,5,16,[N/A],[N/A],[N/A]
1784689159.0027,214,598,96,0,41,6.89,0x0000000000000000,Not Active,Not Active,Not Active,1,1,5,16,[N/A],[N/A],[N/A]
1784689159.103,214,598,96,0,41,6.89,0x0000000000000000,Not Active,Not Active,Not Active,1,1,5,16,[N/A],[N/A],[N/A]
1784689159.2037,214,598,96,0,41,6.89,0x0000000000000000,Not Active,Not Active,Not Active,1,1,5,16,[N/A],[N/A],[N/A]
1784689159.3042,214,598,96,0,41,6.89,0x0000000000000000,Not Active,Not Active,Not Active,1,1,5,16,[N/A],[N/A],[N/A]
1784689159.4047,214,598,96,0,41,6.89,0x0000000000000000,Not Active,Not Active,Not Active,1,1,5,16,[N/A],[N/A],[N/A]
1784689159.5049,214,598,96,0,42,6.89,0x0000000000000000,Not Active,Not Active,Not Active,1,1,5,16,[N/A],[N/A],[N/A]
1784689159.6052,214,598,96,0,42,6.89,0x0000000000000000,Not Active,Not Active,Not Active,1,1,5,16,[N/A],[N/A],[N/A]
1784689159.7057,214,598,96,0,42,6.89,0x0000000000000000,Not Active,Not Active,Not Active,1,1,5,16,[N/A],[N/A],[N/A]
1784689159.8062,214,598,96,0,42,6.89,0x0000000000000000,Not Active,Not Active,Not Active,1,1,5,16,[N/A],[N/A],[N/A]
1784689159.9067,214,598,96,0,42,6.89,0x0000000000000000,Not Active,Not Active,Not Active,1,1,5,16,[N/A],[N/A],[N/A]
1784689160.0069,214,598,96,0,42,6.88,0x0000000000000000,Not Active,Not Active,Not Active,1,1,5,16,[N/A],[N/A],[N/A]
1784689160.1072,214,598,96,0,42,6.88,0x0000000000000000,Not Active,Not Active,Not Active,1,1,5,16,[N/A],[N/A],[N/A]
1784689160.2074,214,598,96,0,42,6.88,0x0000000000000000,Not Active,Not Active,Not Active,1,1,5,16,[N/A],[N/A],[N/A]
1784689160.3079,214,598,96,0,42,6.88,0x0000000000000000,Not Active,Not Active,Not Active,1,1,5,16,[N/A],[N/A],[N/A]
1784689160.4084,214,598,96,0,42,6.88,0x0000000000000000,Not Active,Not Active,Not Active,1,1,5,16,[N/A],[N/A],[N/A]
1784689160.5087,214,598,96,0,42,6.89,0x0000000000000000,Not Active,Not Active,Not Active,1,1,5,16,[N/A],[N/A],[N/A]
1784689160.609,214,598,96,0,42,6.89,0x0000000000000000,Not Active,Not Active,Not Active,1,1,5,16,[N/A],[N/A],[N/A]
1784689160.7095,214,598,96,0,42,6.89,0x0000000000000000,Not Active,Not Active,Not Active,1,1,5,16,[N/A],[N/A],[N/A]
1784689160.8097,214,598,96,0,42,6.89,0x0000000000000000,Not Active,Not Active,Not Active,1,1,5,16,[N/A],[N/A],[N/A]
1784689160.91,214,598,96,0,42,6.89,0x0000000000000000,Not Active,Not Active,Not Active,1,1,5,16,[N/A],[N/A],[N/A]
1784689161.0104,214,598,96,0,42,6.90,0x0000000000000000,Not Active,Not Active,Not Active,1,1,5,16,[N/A],[N/A],[N/A]
1784689161.1107,214,598,96,0,42,6.90,0x0000000000000000,Not Active,Not Active,Not Active,1,1,5,16,[N/A],[N/A],[N/A]
1784689161.2109,214,598,96,0,42,6.90,0x0000000000000000,Not Active,Not Active,Not Active,1,1,5,16,[N/A],[N/A],[N/A]
1784689161.3115,214,598,96,0,42,6.90,0x0000000000000000,Not Active,Not Active,Not Active,1,1,5,16,[N/A],[N/A],[N/A]
1784689161.4118,214,598,96,0,42,6.90,0x0000000000000000,Not Active,Not Active,Not Active,1,1,5,16,[N/A],[N/A],[N/A]
1784689161.5123,214,598,96,0,42,6.89,0x0000000000000000,Not Active,Not Active,Not Active,1,1,5,16,[N/A],[N/A],[N/A]
1784689161.6128,214,598,96,0,42,6.89,0x0000000000000000,Not Active,Not Active,Not Active,1,1,5,16,[N/A],[N/A],[N/A]
1784689161.713,214,598,96,0,42,6.89,0x0000000000000000,Not Active,Not Active,Not Active,1,1,5,16,[N/A],[N/A],[N/A]
1784689161.8133,214,598,96,0,42,6.89,0x0000000000000000,Not Active,Not Active,Not Active,1,1,5,16,[N/A],[N/A],[N/A]
1784689161.9138,214,598,96,0,42,6.89,0x0000000000000000,Not Active,Not Active,Not Active,1,1,5,16,[N/A],[N/A],[N/A]
1784689162.0143,214,598,96,0,42,6.87,0x0000000000000000,Not Active,Not Active,Not Active,1,1,5,16,[N/A],[N/A],[N/A]
1784689162.1148,214,598,96,0,42,6.87,0x0000000000000000,Not Active,Not Active,Not Active,1,1,5,16,[N/A],[N/A],[N/A]
1784689162.2151,214,598,96,0,42,6.87,0x0000000000000000,Not Active,Not Active,Not Active,1,1,5,16,[N/A],[N/A],[N/A]
1784689162.3156,214,598,96,0,42,6.87,0x0000000000000000,Not Active,Not Active,Not Active,1,1,5,16,[N/A],[N/A],[N/A]
1784689162.4159,214,598,96,0,42,6.87,0x0000000000000000,Not Active,Not Active,Not Active,1,1,5,16,[N/A],[N/A],[N/A]
1784689162.5164,214,598,96,0,42,6.85,0x0000000000000000,Not Active,Not Active,Not Active,1,1,5,16,[N/A],[N/A],[N/A]
1784689162.6169,214,598,96,0,42,6.85,0x0000000000000000,Not Active,Not Active,Not Active,1,1,5,16,[N/A],[N/A],[N/A]
1784689162.7171,214,598,96,0,42,6.85,0x0000000000000000,Not Active,Not Active,Not Active,1,1,5,16,[N/A],[N/A],[N/A]
1784689162.8176,214,598,96,0,42,6.85,0x0000000000000000,Not Active,Not Active,Not Active,1,1,5,16,[N/A],[N/A],[N/A]
1784689162.9179,214,598,96,0,42,6.85,0x0000000000000000,Not Active,Not Active,Not Active,1,1,5,16,[N/A],[N/A],[N/A]
1784689163.0181,214,598,96,0,42,6.85,0x0000000000000000,Not Active,Not Active,Not Active,1,1,5,16,[N/A],[N/A],[N/A]
1784689163.1186,214,598,96,0,42,6.85,0x0000000000000000,Not Active,Not Active,Not Active,1,1,5,16,[N/A],[N/A],[N/A]
1784689163.2188,214,598,96,0,42,6.85,0x0000000000000000,Not Active,Not Active,Not Active,1,1,5,16,[N/A],[N/A],[N/A]
1784689163.319,214,598,96,0,42,6.85,0x0000000000000000,Not Active,Not Active,Not Active,1,1,5,16,[N/A],[N/A],[N/A]
1784689163.4195,214,598,96,0,42,6.85,0x0000000000000000,Not Active,Not Active,Not Active,1,1,5,16,[N/A],[N/A],[N/A]
1784689163.5198,214,598,96,0,42,6.86,0x0000000000000000,Not Active,Not Active,Not Active,1,1,5,16,[N/A],[N/A],[N/A]
1784689163.6203,214,598,96,0,42,6.86,0x0000000000000000,Not Active,Not Active,Not Active,1,1,5,16,[N/A],[N/A],[N/A]
1784689163.7208,214,598,96,0,42,6.86,0x0000000000000000,Not Active,Not Active,Not Active,1,1,5,16,[N/A],[N/A],[N/A]
1784689163.821,214,598,96,0,42,6.86,0x0000000000000000,Not Active,Not Active,Not Active,1,1,5,16,[N/A],[N/A],[N/A]
1784689163.9215,214,598,96,0,42,6.86,0x0000000000000000,Not Active,Not Active,Not Active,1,1,5,16,[N/A],[N/A],[N/A]
1784689164.0219,214,598,96,0,42,6.87,0x0000000000000000,Not Active,Not Active,Not Active,1,1,5,16,[N/A],[N/A],[N/A]
1784689164.1224,214,598,96,0,42,6.87,0x0000000000000000,Not Active,Not Active,Not Active,1,1,5,16,[N/A],[N/A],[N/A]
1784689164.2227,214,598,96,0,42,6.87,0x0000000000000000,Not Active,Not Active,Not Active,1,1,5,16,[N/A],[N/A],[N/A]
1784689164.3229,214,598,96,0,42,6.87,0x0000000000000000,Not Active,Not Active,Not Active,1,1,5,16,[N/A],[N/A],[N/A]
1784689164.4231,214,598,96,0,42,6.86,0x0000000000000000,Not Active,Not Active,Not Active,1,1,5,16,[N/A],[N/A],[N/A]
1784689164.5236,214,598,96,0,42,6.86,0x0000000000000000,Not Active,Not Active,Not Active,1,1,5,16,[N/A],[N/A],[N/A]
1784689164.6239,214,598,96,0,42,6.86,0x0000000000000000,Not Active,Not Active,Not Active,1,1,5,16,[N/A],[N/A],[N/A]
1784689164.7245,214,598,96,0,42,6.86,0x0000000000000000,Not Active,Not Active,Not Active,1,1,5,16,[N/A],[N/A],[N/A]
1784689164.8246,214,598,96,0,42,6.86,0x0000000000000000,Not Active,Not Active,Not Active,1,1,5,16,[N/A],[N/A],[N/A]
1784689164.9248,214,598,96,0,42,6.85,0x0000000000000000,Not Active,Not Active,Not Active,1,1,5,16,[N/A],[N/A],[N/A]
1784689165.025,214,598,96,0,42,6.85,0x0000000000000000,Not Active,Not Active,Not Active,1,1,5,16,[N/A],[N/A],[N/A]
1784689165.1255,214,598,96,0,42,6.85,0x0000000000000000,Not Active,Not Active,Not Active,1,1,5,16,[N/A],[N/A],[N/A]
1784689165.2257,214,598,96,0,42,6.85,0x0000000000000000,Not Active,Not Active,Not Active,1,1,5,16,[N/A],[N/A],[N/A]
1784689165.3262,214,598,96,0,42,6.85,0x0000000000000000,Not Active,Not Active,Not Active,1,1,5,16,[N/A],[N/A],[N/A]
1784689165.4267,214,598,96,0,42,6.85,0x0000000000000000,Not Active,Not Active,Not Active,1,1,5,16,[N/A],[N/A],[N/A]
1784689165.5272,214,598,96,0,42,6.85,0x0000000000000000,Not Active,Not Active,Not Active,1,1,5,16,[N/A],[N/A],[N/A]
1784689165.6275,214,598,96,0,42,6.85,0x0000000000000000,Not Active,Not Active,Not Active,1,1,5,16,[N/A],[N/A],[N/A]
1784689165.728,214,598,96,0,42,6.85,0x0000000000000000,Not Active,Not Active,Not Active,1,1,5,16,[N/A],[N/A],[N/A]
1784689165.8285,214,598,96,0,42,6.85,0x0000000000000000,Not Active,Not Active,Not Active,1,1,5,16,[N/A],[N/A],[N/A]
1784689165.9288,214,598,96,0,42,6.86,0x0000000000000000,Not Active,Not Active,Not Active,1,1,5,16,[N/A],[N/A],[N/A]
1784689166.0289,214,598,96,0,42,6.86,0x0000000000000000,Not Active,Not Active,Not Active,1,1,5,16,[N/A],[N/A],[N/A]
1784689166.1295,214,598,96,0,42,6.86,0x0000000000000000,Not Active,Not Active,Not Active,1,1,5,16,[N/A],[N/A],[N/A]
1784689166.2297,214,598,96,0,42,6.86,0x0000000000000000,Not Active,Not Active,Not Active,1,1,5,16,[N/A],[N/A],[N/A]
1784689166.3302,214,598,96,0,42,6.86,0x0000000000000000,Not Active,Not Active,Not Active,1,1,5,16,[N/A],[N/A],[N/A]
1784689166.4304,208,598,96,0,42,6.88,0x0000000000000000,Not Active,Not Active,Not Active,1,1,5,16,[N/A],[N/A],[N/A]
1784689166.5308,208,598,96,0,42,6.88,0x0000000000000000,Not Active,Not Active,Not Active,1,1,5,16,[N/A],[N/A],[N/A]
1784689166.6314,208,598,96,0,42,6.88,0x0000000000000000,Not Active,Not Active,Not Active,1,1,5,16,[N/A],[N/A],[N/A]
1784689166.7316,208,598,96,0,42,6.88,0x0000000000000000,Not Active,Not Active,Not Active,1,1,5,16,[N/A],[N/A],[N/A]
1784689166.8318,208,598,96,0,42,6.88,0x0000000000000000,Not Active,Not Active,Not Active,1,1,5,16,[N/A],[N/A],[N/A]
1784689166.9321,214,598,96,0,42,6.87,0x0000000000000000,Not Active,Not Active,Not Active,1,1,5,16,[N/A],[N/A],[N/A]
1784689167.0323,214,598,96,0,42,6.87,0x0000000000000000,Not Active,Not Active,Not Active,1,1,5,16,[N/A],[N/A],[N/A]
1784689167.1327,214,598,96,0,42,6.87,0x0000000000000000,Not Active,Not Active,Not Active,1,1,5,16,[N/A],[N/A],[N/A]
1784689167.233,214,598,96,0,42,6.87,0x0000000000000000,Not Active,Not Active,Not Active,1,1,5,16,[N/A],[N/A],[N/A]
1784689167.3332,214,598,96,0,42,6.87,0x0000000000000000,Not Active,Not Active,Not Active,1,1,5,16,[N/A],[N/A],[N/A]
1784689167.4339,214,598,96,0,42,6.86,0x0000000000000000,Not Active,Not Active,Not Active,1,1,5,16,[N/A],[N/A],[N/A]
1784689167.5342,214,598,96,0,42,6.86,0x0000000000000000,Not Active,Not Active,Not Active,1,1,5,16,[N/A],[N/A],[N/A]
1784689167.6344,214,598,96,0,42,6.86,0x0000000000000000,Not Active,Not Active,Not Active,1,1,5,16,[N/A],[N/A],[N/A]
1784689167.7347,214,598,96,0,42,6.86,0x0000000000000000,Not Active,Not Active,Not Active,1,1,5,16,[N/A],[N/A],[N/A]
1784689167.835,214,598,96,0,42,6.86,0x0000000000000000,Not Active,Not Active,Not Active,1,1,5,16,[N/A],[N/A],[N/A]
1784689167.9352,214,598,96,0,42,6.86,0x0000000000000000,Not Active,Not Active,Not Active,1,1,5,16,[N/A],[N/A],[N/A]
1784689168.0355,214,598,96,0,42,6.86,0x0000000000000000,Not Active,Not Active,Not Active,1,1,5,16,[N/A],[N/A],[N/A]
1784689168.1358,214,598,96,0,42,6.86,0x0000000000000000,Not Active,Not Active,Not Active,1,1,5,16,[N/A],[N/A],[N/A]
1784689168.2359,214,598,96,0,42,6.86,0x0000000000000000,Not Active,Not Active,Not Active,1,1,5,16,[N/A],[N/A],[N/A]
1784689168.3364,214,598,96,0,42,6.86,0x0000000000000000,Not Active,Not Active,Not Active,1,1,5,16,[N/A],[N/A],[N/A]
1784689168.4369,214,598,96,0,42,6.88,0x0000000000000000,Not Active,Not Active,Not Active,1,1,5,16,[N/A],[N/A],[N/A]
1784689168.5372,214,598,96,0,42,6.88,0x0000000000000000,Not Active,Not Active,Not Active,1,1,5,16,[N/A],[N/A],[N/A]
1784689168.6375,214,598,96,0,42,6.88,0x0000000000000000,Not Active,Not Active,Not Active,1,1,5,16,[N/A],[N/A],[N/A]
1784689168.7376,214,598,96,0,42,6.88,0x0000000000000000,Not Active,Not Active,Not Active,1,1,5,16,[N/A],[N/A],[N/A]
1784689168.8379,214,598,96,0,42,6.88,0x0000000000000000,Not Active,Not Active,Not Active,1,1,5,16,[N/A],[N/A],[N/A]
1784689168.938,214,598,96,0,42,6.89,0x0000000000000000,Not Active,Not Active,Not Active,1,1,5,16,[N/A],[N/A],[N/A]
1784689169.0383,214,598,96,0,42,6.89,0x0000000000000000,Not Active,Not Active,Not Active,1,1,5,16,[N/A],[N/A],[N/A]
1784689169.1389,214,598,96,0,42,6.89,0x0000000000000000,Not Active,Not Active,Not Active,1,1,5,16,[N/A],[N/A],[N/A]
1784689169.2392,214,598,96,0,42,6.89,0x0000000000000000,Not Active,Not Active,Not Active,1,1,5,16,[N/A],[N/A],[N/A]
1784689169.3397,214,598,96,0,42,6.89,0x0000000000000000,Not Active,Not Active,Not Active,1,1,5,16,[N/A],[N/A],[N/A]
1784689169.4399,214,598,96,0,42,6.88,0x0000000000000000,Not Active,Not Active,Not Active,1,1,5,16,[N/A],[N/A],[N/A]
1784689169.5404,214,598,96,0,42,6.88,0x0000000000000000,Not Active,Not Active,Not Active,1,1,5,16,[N/A],[N/A],[N/A]
1784689169.6407,214,598,96,0,42,6.88,0x0000000000000000,Not Active,Not Active,Not Active,1,1,5,16,[N/A],[N/A],[N/A]
1784689169.7409,214,598,96,0,42,6.88,0x0000000000000000,Not Active,Not Active,Not Active,1,1,5,16,[N/A],[N/A],[N/A]
1784689169.8414,214,598,96,0,42,6.88,0x0000000000000000,Not Active,Not Active,Not Active,1,1,5,16,[N/A],[N/A],[N/A]
1784689169.9416,214,598,96,0,42,6.89,0x0000000000000000,Not Active,Not Active,Not Active,1,1,5,16,[N/A],[N/A],[N/A]
1784689170.0419,214,598,96,0,42,6.89,0x0000000000000000,Not Active,Not Active,Not Active,1,1,5,16,[N/A],[N/A],[N/A]
1784689170.1421,214,598,96,0,42,6.89,0x0000000000000000,Not Active,Not Active,Not Active,1,1,5,16,[N/A],[N/A],[N/A]
1784689170.2424,214,598,96,0,42,6.89,0x0000000000000000,Not Active,Not Active,Not Active,1,1,5,16,[N/A],[N/A],[N/A]
1784689170.3429,214,598,96,0,42,6.89,0x0000000000000000,Not Active,Not Active,Not Active,1,1,5,16,[N/A],[N/A],[N/A]
1784689170.4434,214,598,96,0,42,6.89,0x0000000000000000,Not Active,Not Active,Not Active,1,1,5,16,[N/A],[N/A],[N/A]
1784689170.5437,214,598,96,0,42,6.89,0x0000000000000000,Not Active,Not Active,Not Active,1,1,5,16,[N/A],[N/A],[N/A]
1784689170.6439,214,598,96,0,42,6.89,0x0000000000000000,Not Active,Not Active,Not Active,1,1,5,16,[N/A],[N/A],[N/A]
1784689170.7442,214,598,96,0,42,6.89,0x0000000000000000,Not Active,Not Active,Not Active,1,1,5,16,[N/A],[N/A],[N/A]
1784689170.8444,214,598,96,0,42,6.89,0x0000000000000000,Not Active,Not Active,Not Active,1,1,5,16,[N/A],[N/A],[N/A]
1784689170.9446,214,598,96,0,42,6.90,0x0000000000000000,Not Active,Not Active,Not Active,1,1,5,16,[N/A],[N/A],[N/A]
1784689171.0449,214,598,96,0,42,6.90,0x0000000000000000,Not Active,Not Active,Not Active,1,1,5,16,[N/A],[N/A],[N/A]
1784689171.1458,214,598,96,0,42,6.90,0x0000000000000000,Not Active,Not Active,Not Active,1,1,5,16,[N/A],[N/A],[N/A]
1784689171.2454,214,598,96,0,42,6.90,0x0000000000000000,Not Active,Not Active,Not Active,1,1,5,16,[N/A],[N/A],[N/A]
1784689171.3457,214,598,96,0,42,6.90,0x0000000000000000,Not Active,Not Active,Not Active,1,1,5,16,[N/A],[N/A],[N/A]
1784689171.4459,214,598,96,0,42,6.89,0x0000000000000000,Not Active,Not Active,Not Active,1,1,5,16,[N/A],[N/A],[N/A]
1784689171.5461,214,598,96,0,42,6.89,0x0000000000000000,Not Active,Not Active,Not Active,1,1,5,16,[N/A],[N/A],[N/A]
1784689171.6466,214,598,96,0,42,6.89,0x0000000000000000,Not Active,Not Active,Not Active,1,1,5,16,[N/A],[N/A],[N/A]
1784689171.7468,214,598,96,0,42,6.89,0x0000000000000000,Not Active,Not Active,Not Active,1,1,5,16,[N/A],[N/A],[N/A]
1784689171.847,214,598,96,0,42,6.89,0x0000000000000000,Not Active,Not Active,Not Active,1,1,5,16,[N/A],[N/A],[N/A]
1784689171.9476,214,598,96,0,42,6.88,0x0000000000000000,Not Active,Not Active,Not Active,1,1,5,16,[N/A],[N/A],[N/A]
1784689172.0479,214,598,96,0,42,6.88,0x0000000000000000,Not Active,Not Active,Not Active,1,1,5,16,[N/A],[N/A],[N/A]
1784689172.1485,214,598,96,0,42,6.88,0x0000000000000000,Not Active,Not Active,Not Active,1,1,5,16,[N/A],[N/A],[N/A]
1784689172.2487,214,598,96,0,42,6.88,0x0000000000000000,Not Active,Not Active,Not Active,1,1,5,16,[N/A],[N/A],[N/A]
1784689172.3492,214,598,96,0,42,6.88,0x0000000000000000,Not Active,Not Active,Not Active,1,1,5,16,[N/A],[N/A],[N/A]
1784689172.4497,214,598,96,0,42,6.86,0x0000000000000000,Not Active,Not Active,Not Active,1,1,5,16,[N/A],[N/A],[N/A]
1784689172.5502,214,598,96,0,42,6.86,0x0000000000000000,Not Active,Not Active,Not Active,1,1,5,16,[N/A],[N/A],[N/A]
1784689172.6507,214,598,96,0,42,6.86,0x0000000000000000,Not Active,Not Active,Not Active,1,1,5,16,[N/A],[N/A],[N/A]
1784689172.751,214,598,96,0,42,6.86,0x0000000000000000,Not Active,Not Active,Not Active,1,1,5,16,[N/A],[N/A],[N/A]
1784689172.8514,214,598,96,0,42,6.86,0x0000000000000000,Not Active,Not Active,Not Active,1,1,5,16,[N/A],[N/A],[N/A]
1784689172.9518,214,591,96,0,42,6.84,0x0000000000000000,Not Active,Not Active,Not Active,1,1,5,16,[N/A],[N/A],[N/A]
1784689173.0525,214,591,96,0,42,6.84,0x0000000000000000,Not Active,Not Active,Not Active,1,1,5,16,[N/A],[N/A],[N/A]
1784689173.1528,214,591,96,0,42,6.84,0x0000000000000000,Not Active,Not Active,Not Active,1,1,5,16,[N/A],[N/A],[N/A]
1784689173.2534,214,591,96,0,42,6.84,0x0000000000000000,Not Active,Not Active,Not Active,1,1,5,16,[N/A],[N/A],[N/A]
1784689173.3536,214,591,96,0,42,6.84,0x0000000000000000,Not Active,Not Active,Not Active,1,1,5,16,[N/A],[N/A],[N/A]
1784689173.4543,214,598,96,0,42,6.86,0x0000000000000000,Not Active,Not Active,Not Active,1,1,5,16,[N/A],[N/A],[N/A]
1784689173.5546,214,598,96,0,42,6.86,0x0000000000000000,Not Active,Not Active,Not Active,1,1,5,16,[N/A],[N/A],[N/A]
1784689173.6554,214,598,96,0,42,6.86,0x0000000000000000,Not Active,Not Active,Not Active,1,1,5,16,[N/A],[N/A],[N/A]
1784689173.7554,214,598,96,0,42,6.86,0x0000000000000000,Not Active,Not Active,Not Active,1,1,5,16,[N/A],[N/A],[N/A]
1784689173.8556,214,598,96,0,42,6.86,0x0000000000000000,Not Active,Not Active,Not Active,1,1,5,16,[N/A],[N/A],[N/A]
1784689173.9562,214,598,96,0,42,6.89,0x0000000000000000,Not Active,Not Active,Not Active,1,1,5,16,[N/A],[N/A],[N/A]
1784689174.0567,214,598,96,0,42,6.89,0x0000000000000000,Not Active,Not Active,Not Active,1,1,5,16,[N/A],[N/A],[N/A]
1784689174.1569,214,598,96,0,42,6.89,0x0000000000000000,Not Active,Not Active,Not Active,1,1,5,16,[N/A],[N/A],[N/A]
1784689174.2572,214,598,96,0,42,6.89,0x0000000000000000,Not Active,Not Active,Not Active,1,1,5,16,[N/A],[N/A],[N/A]
1784689174.3575,214,598,96,0,42,6.89,0x0000000000000000,Not Active,Not Active,Not Active,1,1,5,16,[N/A],[N/A],[N/A]
1784689174.4579,214,598,96,0,42,6.88,0x0000000000000000,Not Active,Not Active,Not Active,1,1,5,16,[N/A],[N/A],[N/A]
1784689174.5583,214,598,96,0,42,6.88,0x0000000000000000,Not Active,Not Active,Not Active,1,1,5,16,[N/A],[N/A],[N/A]
1784689174.6588,214,598,96,0,42,6.88,0x0000000000000000,Not Active,Not Active,Not Active,1,1,5,16,[N/A],[N/A],[N/A]
1784689174.7593,214,598,96,0,42,6.88,0x0000000000000000,Not Active,Not Active,Not Active,1,1,5,16,[N/A],[N/A],[N/A]
1784689174.8595,214,598,96,0,42,6.88,0x0000000000000000,Not Active,Not Active,Not Active,1,1,5,16,[N/A],[N/A],[N/A]
1784689174.9601,214,598,96,0,42,6.86,0x0000000000000000,Not Active,Not Active,Not Active,1,1,5,16,[N/A],[N/A],[N/A]
1784689175.0606,214,598,96,0,42,6.86,0x0000000000000000,Not Active,Not Active,Not Active,1,1,5,16,[N/A],[N/A],[N/A]
1784689175.1611,214,598,96,0,42,6.86,0x0000000000000000,Not Active,Not Active,Not Active,1,1,5,16,[N/A],[N/A],[N/A]
1784689175.2617,214,598,96,0,42,6.86,0x0000000000000000,Not Active,Not Active,Not Active,1,1,5,16,[N/A],[N/A],[N/A]
1784689175.3621,214,598,96,0,42,6.86,0x0000000000000000,Not Active,Not Active,Not Active,1,1,5,16,[N/A],[N/A],[N/A]
1784689175.4624,214,598,96,0,42,6.86,0x0000000000000000,Not Active,Not Active,Not Active,1,1,5,16,[N/A],[N/A],[N/A]
1784689175.5629,214,598,96,0,42,6.86,0x0000000000000000,Not Active,Not Active,Not Active,1,1,5,16,[N/A],[N/A],[N/A]
1784689175.6632,214,598,96,0,42,6.86,0x0000000000000000,Not Active,Not Active,Not Active,1,1,5,16,[N/A],[N/A],[N/A]
1784689175.7638,214,598,96,0,42,6.86,0x0000000000000000,Not Active,Not Active,Not Active,1,1,5,16,[N/A],[N/A],[N/A]
1784689175.8639,214,598,96,0,42,6.86,0x0000000000000000,Not Active,Not Active,Not Active,1,1,5,16,[N/A],[N/A],[N/A]
1784689175.9641,214,598,96,0,42,6.87,0x0000000000000000,Not Active,Not Active,Not Active,1,1,5,16,[N/A],[N/A],[N/A]
1784689176.0646,214,598,96,0,42,6.87,0x0000000000000000,Not Active,Not Active,Not Active,1,1,5,16,[N/A],[N/A],[N/A]
1784689176.1648,214,598,96,0,42,6.87,0x0000000000000000,Not Active,Not Active,Not Active,1,1,5,16,[N/A],[N/A],[N/A]
1784689176.2651,214,598,96,0,42,6.87,0x0000000000000000,Not Active,Not Active,Not Active,1,1,5,16,[N/A],[N/A],[N/A]
1784689176.3654,214,598,96,0,42,6.87,0x0000000000000000,Not Active,Not Active,Not Active,1,1,5,16,[N/A],[N/A],[N/A]
1784689176.4657,214,598,86,0,42,6.84,0x0000000000000000,Not Active,Not Active,Not Active,1,1,5,16,[N/A],[N/A],[N/A]
1784689176.5661,214,598,86,0,42,6.84,0x0000000000000000,Not Active,Not Active,Not Active,1,1,5,16,[N/A],[N/A],[N/A]
1784689176.6665,214,598,86,0,42,6.84,0x0000000000000000,Not Active,Not Active,Not Active,1,1,5,16,[N/A],[N/A],[N/A]
1784689176.7668,214,598,86,0,42,6.84,0x0000000000000000,Not Active,Not Active,Not Active,1,1,5,16,[N/A],[N/A],[N/A]
1784689176.8671,214,598,86,0,42,6.84,0x0000000000000000,Not Active,Not Active,Not Active,1,1,5,16,[N/A],[N/A],[N/A]
1784689176.9675,214,598,0,0,41,5.89,0x0000000000000000,Not Active,Not Active,Not Active,1,1,5,16,[N/A],[N/A],[N/A]
1784689177.0679,214,598,0,0,41,5.89,0x0000000000000000,Not Active,Not Active,Not Active,1,1,5,16,[N/A],[N/A],[N/A]
1784689177.1685,214,598,0,0,41,5.89,0x0000000000000000,Not Active,Not Active,Not Active,1,1,5,16,[N/A],[N/A],[N/A]
1784689177.2691,214,598,0,0,41,5.89,0x0000000000000000,Not Active,Not Active,Not Active,1,1,5,16,[N/A],[N/A],[N/A]
1784689177.3697,214,598,0,0,41,5.89,0x0000000000000000,Not Active,Not Active,Not Active,1,1,5,16,[N/A],[N/A],[N/A]
1784689177.47,214,598,0,0,41,5.10,0x0000000000000000,Not Active,Not Active,Not Active,1,1,5,16,[N/A],[N/A],[N/A]
1784689177.5704,214,598,0,0,41,5.10,0x0000000000000000,Not Active,Not Active,Not Active,1,1,5,16,[N/A],[N/A],[N/A]
1784689177.6709,214,598,0,0,41,5.10,0x0000000000000000,Not Active,Not Active,Not Active,1,1,5,16,[N/A],[N/A],[N/A]
1784689177.7713,214,598,0,0,41,5.10,0x0000000000000000,Not Active,Not Active,Not Active,1,1,5,16,[N/A],[N/A],[N/A]
1784689177.8715,214,598,0,0,41,5.10,0x0000000000000000,Not Active,Not Active,Not Active,1,1,5,16,[N/A],[N/A],[N/A]
1784689177.972,214,598,0,0,41,4.94,0x0000000000000000,Not Active,Not Active,Not Active,1,1,5,16,[N/A],[N/A],[N/A]
1784689178.0723,214,598,0,0,41,4.94,0x0000000000000000,Not Active,Not Active,Not Active,1,1,5,16,[N/A],[N/A],[N/A]
1784689178.1726,214,598,0,0,41,4.94,0x0000000000000000,Not Active,Not Active,Not Active,1,1,5,16,[N/A],[N/A],[N/A]
1784689178.273,214,598,0,0,41,4.94,0x0000000000000000,Not Active,Not Active,Not Active,1,1,5,16,[N/A],[N/A],[N/A]
1784689178.3735,214,598,0,0,41,4.94,0x0000000000000000,Not Active,Not Active,Not Active,1,1,5,16,[N/A],[N/A],[N/A]
1784689178.4741,214,598,0,0,41,4.95,0x0000000000000000,Not Active,Not Active,Not Active,1,1,5,16,[N/A],[N/A],[N/A]
1784689178.5745,214,598,0,0,41,4.95,0x0000000000000000,Not Active,Not Active,Not Active,1,1,5,16,[N/A],[N/A],[N/A]
1784689178.6747,214,598,0,0,41,4.95,0x0000000000000000,Not Active,Not Active,Not Active,1,1,5,16,[N/A],[N/A],[N/A]
1784689178.7752,214,598,0,0,41,4.95,0x0000000000000000,Not Active,Not Active,Not Active,1,1,5,16,[N/A],[N/A],[N/A]
1784689178.8758,214,598,0,0,41,4.95,0x0000000000000000,Not Active,Not Active,Not Active,1,1,5,16,[N/A],[N/A],[N/A]
1784689178.9761,214,598,0,0,41,4.95,0x0000000000000000,Not Active,Not Active,Not Active,1,1,5,16,[N/A],[N/A],[N/A]
1784689179.0767,214,598,0,0,41,4.95,0x0000000000000000,Not Active,Not Active,Not Active,1,1,5,16,[N/A],[N/A],[N/A]
1784689179.1771,214,598,0,0,41,4.95,0x0000000000000000,Not Active,Not Active,Not Active,1,1,5,16,[N/A],[N/A],[N/A]
1784689179.2777,214,598,0,0,41,4.95,0x0000000000000000,Not Active,Not Active,Not Active,1,1,5,16,[N/A],[N/A],[N/A]
1784689179.378,214,598,0,0,41,4.95,0x0000000000000000,Not Active,Not Active,Not Active,1,1,5,16,[N/A],[N/A],[N/A]
1784689179.4786,214,598,0,0,41,4.95,0x0000000000000000,Not Active,Not Active,Not Active,1,1,5,16,[N/A],[N/A],[N/A]
1784689179.5792,214,598,0,0,41,4.95,0x0000000000000000,Not Active,Not Active,Not Active,1,1,5,16,[N/A],[N/A],[N/A]
1784689179.6796,214,598,0,0,41,4.95,0x0000000000000000,Not Active,Not Active,Not Active,1,1,5,16,[N/A],[N/A],[N/A]
1784689179.7798,214,598,0,0,41,4.95,0x0000000000000000,Not Active,Not Active,Not Active,1,1,5,16,[N/A],[N/A],[N/A]
1784689179.8805,214,598,0,0,41,4.95,0x0000000000000000,Not Active,Not Active,Not Active,1,1,5,16,[N/A],[N/A],[N/A]
1784689179.9812,214,598,0,0,41,4.54,0x0000000000000000,Not Active,Not Active,Not Active,1,1,5,16,[N/A],[N/A],[N/A]
1784689180.0815,214,598,0,0,41,4.54,0x0000000000000000,Not Active,Not Active,Not Active,1,1,5,16,[N/A],[N/A],[N/A]
1784689180.1818,214,598,0,0,41,4.54,0x0000000000000000,Not Active,Not Active,Not Active,1,1,5,16,[N/A],[N/A],[N/A]
1784689180.2825,214,598,0,0,41,4.54,0x0000000000000000,Not Active,Not Active,Not Active,1,1,5,16,[N/A],[N/A],[N/A]
1784689180.3833,214,598,0,0,41,4.54,0x0000000000000000,Not Active,Not Active,Not Active,1,1,5,16,[N/A],[N/A],[N/A]
1784689180.4839,214,598,0,0,41,4.54,0x0000000000000000,Not Active,Not Active,Not Active,1,1,5,16,[N/A],[N/A],[N/A]
1784689180.5845,214,598,0,0,41,4.54,0x0000000000000000,Not Active,Not Active,Not Active,1,1,5,16,[N/A],[N/A],[N/A]
1784689180.6851,214,598,0,0,41,4.54,0x0000000000000000,Not Active,Not Active,Not Active,1,1,5,16,[N/A],[N/A],[N/A]
1784689180.7854,214,598,0,0,41,4.54,0x0000000000000000,Not Active,Not Active,Not Active,1,1,5,16,[N/A],[N/A],[N/A]
1784689180.886,214,598,0,0,41,4.54,0x0000000000000000,Not Active,Not Active,Not Active,1,1,5,16,[N/A],[N/A],[N/A]
1784689180.9864,208,598,0,0,41,4.50,0x0000000000000004,Active,Not Active,Not Active,1,1,5,16,[N/A],[N/A],[N/A]
1784689181.087,208,598,0,0,41,4.50,0x0000000000000004,Active,Not Active,Not Active,1,1,5,16,[N/A],[N/A],[N/A]
1784689181.1876,208,598,0,0,41,4.50,0x0000000000000004,Active,Not Active,Not Active,1,1,5,16,[N/A],[N/A],[N/A]
1784689181.2883,208,598,0,0,41,4.50,0x0000000000000004,Active,Not Active,Not Active,1,1,5,16,[N/A],[N/A],[N/A]
1784689181.3891,208,598,0,0,41,4.50,0x0000000000000004,Active,Not Active,Not Active,1,1,5,16,[N/A],[N/A],[N/A]
1784689181.4897,208,598,0,0,41,4.50,0x0000000000000004,Active,Not Active,Not Active,1,1,5,16,[N/A],[N/A],[N/A]
1784689181.5905,208,598,0,0,41,4.50,0x0000000000000004,Active,Not Active,Not Active,1,1,5,16,[N/A],[N/A],[N/A]
1784689181.6909,208,598,0,0,41,4.50,0x0000000000000004,Active,Not Active,Not Active,1,1,5,16,[N/A],[N/A],[N/A]
1784689181.7913,208,598,0,0,41,4.50,0x0000000000000004,Active,Not Active,Not Active,1,1,5,16,[N/A],[N/A],[N/A]
1784689181.8918,208,598,0,0,41,4.50,0x0000000000000004,Active,Not Active,Not Active,1,1,5,16,[N/A],[N/A],[N/A]
1784689181.9922,214,598,0,0,41,4.53,0x0000000000000000,Not Active,Not Active,Not Active,1,1,5,16,[N/A],[N/A],[N/A]
1784689182.0928,214,598,0,0,41,4.53,0x0000000000000000,Not Active,Not Active,Not Active,1,1,5,16,[N/A],[N/A],[N/A]
1784689182.1932,214,598,0,0,41,4.53,0x0000000000000000,Not Active,Not Active,Not Active,1,1,5,16,[N/A],[N/A],[N/A]
1784689182.2938,214,598,0,0,41,4.53,0x0000000000000000,Not Active,Not Active,Not Active,1,1,5,16,[N/A],[N/A],[N/A]
1784689182.3945,214,598,0,0,41,4.53,0x0000000000000000,Not Active,Not Active,Not Active,1,1,5,16,[N/A],[N/A],[N/A]
1784689182.4951,214,598,0,0,41,4.53,0x0000000000000000,Not Active,Not Active,Not Active,1,1,5,16,[N/A],[N/A],[N/A]
1784689182.5955,214,598,0,0,41,4.53,0x0000000000000000,Not Active,Not Active,Not Active,1,1,5,16,[N/A],[N/A],[N/A]
1784689182.6959,214,598,0,0,41,4.53,0x0000000000000000,Not Active,Not Active,Not Active,1,1,5,16,[N/A],[N/A],[N/A]
1784689182.7965,214,598,0,0,41,4.53,0x0000000000000000,Not Active,Not Active,Not Active,1,1,5,16,[N/A],[N/A],[N/A]
1784689182.8969,214,598,0,0,41,4.53,0x0000000000000000,Not Active,Not Active,Not Active,1,1,5,16,[N/A],[N/A],[N/A]
1784689182.9976,208,598,0,0,41,4.53,0x0000000000000004,Active,Not Active,Not Active,1,1,5,16,[N/A],[N/A],[N/A]
1784689183.0981,208,598,0,0,41,4.53,0x0000000000000004,Active,Not Active,Not Active,1,1,5,16,[N/A],[N/A],[N/A]
1784689183.1986,208,598,0,0,41,4.53,0x0000000000000004,Active,Not Active,Not Active,1,1,5,16,[N/A],[N/A],[N/A]
1784689183.299,208,598,0,0,41,4.53,0x0000000000000004,Active,Not Active,Not Active,1,1,5,16,[N/A],[N/A],[N/A]
1784689183.3994,208,598,0,0,41,4.53,0x0000000000000004,Active,Not Active,Not Active,1,1,5,16,[N/A],[N/A],[N/A]
1784689183.5001,208,598,0,0,41,4.53,0x0000000000000004,Active,Not Active,Not Active,1,1,5,16,[N/A],[N/A],[N/A]
1784689183.6007,208,598,0,0,41,4.53,0x0000000000000004,Active,Not Active,Not Active,1,1,5,16,[N/A],[N/A],[N/A]
1784689183.7013,208,598,0,0,41,4.53,0x0000000000000004,Active,Not Active,Not Active,1,1,5,16,[N/A],[N/A],[N/A]
1784689183.8019,208,598,0,0,41,4.53,0x0000000000000004,Active,Not Active,Not Active,1,1,5,16,[N/A],[N/A],[N/A]
1784689183.9022,208,598,0,0,41,4.53,0x0000000000000004,Active,Not Active,Not Active,1,1,5,16,[N/A],[N/A],[N/A]
1784689184.0027,214,598,0,0,41,4.54,0x0000000000000000,Not Active,Not Active,Not Active,1,1,5,16,[N/A],[N/A],[N/A]
1784689184.1035,214,598,0,0,41,4.54,0x0000000000000000,Not Active,Not Active,Not Active,1,1,5,16,[N/A],[N/A],[N/A]
1784689184.204,214,598,0,0,41,4.54,0x0000000000000000,Not Active,Not Active,Not Active,1,1,5,16,[N/A],[N/A],[N/A]
1784689184.3046,214,598,0,0,41,4.54,0x0000000000000000,Not Active,Not Active,Not Active,1,1,5,16,[N/A],[N/A],[N/A]
1784689184.405,214,598,0,0,41,4.54,0x0000000000000000,Not Active,Not Active,Not Active,1,1,5,16,[N/A],[N/A],[N/A]
1784689184.5054,214,598,0,0,41,4.54,0x0000000000000000,Not Active,Not Active,Not Active,1,1,5,16,[N/A],[N/A],[N/A]
1784689184.6061,214,598,0,0,41,4.54,0x0000000000000000,Not Active,Not Active,Not Active,1,1,5,16,[N/A],[N/A],[N/A]
1784689184.7067,214,598,0,0,41,4.54,0x0000000000000000,Not Active,Not Active,Not Active,1,1,5,16,[N/A],[N/A],[N/A]
1784689184.8074,214,598,0,0,41,4.54,0x0000000000000000,Not Active,Not Active,Not Active,1,1,5,16,[N/A],[N/A],[N/A]
1784689184.9081,214,598,0,0,41,4.54,0x0000000000000000,Not Active,Not Active,Not Active,1,1,5,16,[N/A],[N/A],[N/A]
1784689185.0085,208,598,0,0,41,4.52,0x0000000000000004,Active,Not Active,Not Active,1,1,5,16,[N/A],[N/A],[N/A]
1784689185.1091,208,598,0,0,41,4.52,0x0000000000000004,Active,Not Active,Not Active,1,1,5,16,[N/A],[N/A],[N/A]
1784689185.2095,208,598,0,0,41,4.52,0x0000000000000004,Active,Not Active,Not Active,1,1,5,16,[N/A],[N/A],[N/A]
1784689185.3101,208,598,0,0,41,4.52,0x0000000000000004,Active,Not Active,Not Active,1,1,5,16,[N/A],[N/A],[N/A]
1784689185.411,208,598,0,0,41,4.52,0x0000000000000004,Active,Not Active,Not Active,1,1,5,16,[N/A],[N/A],[N/A]
1784689185.5114,208,598,0,0,41,4.52,0x0000000000000004,Active,Not Active,Not Active,1,1,5,16,[N/A],[N/A],[N/A]
1784689185.612,208,598,0,0,41,4.52,0x0000000000000004,Active,Not Active,Not Active,1,1,5,16,[N/A],[N/A],[N/A]
1784689185.7126,208,598,0,0,41,4.52,0x0000000000000004,Active,Not Active,Not Active,1,1,5,16,[N/A],[N/A],[N/A]
1784689185.8132,208,598,0,0,41,4.52,0x0000000000000004,Active,Not Active,Not Active,1,1,5,16,[N/A],[N/A],[N/A]
1784689185.9141,208,598,0,0,41,4.52,0x0000000000000004,Active,Not Active,Not Active,1,1,5,16,[N/A],[N/A],[N/A]
1784689186.0147,214,598,0,0,41,4.53,0x0000000000000000,Not Active,Not Active,Not Active,1,1,5,16,[N/A],[N/A],[N/A]
1784689186.1153,214,598,0,0,41,4.53,0x0000000000000000,Not Active,Not Active,Not Active,1,1,5,16,[N/A],[N/A],[N/A]
1784689186.216,214,598,0,0,41,4.53,0x0000000000000000,Not Active,Not Active,Not Active,1,1,5,16,[N/A],[N/A],[N/A]
1784689186.3166,214,598,0,0,41,4.53,0x0000000000000000,Not Active,Not Active,Not Active,1,1,5,16,[N/A],[N/A],[N/A]
1784689186.4172,214,598,0,0,41,4.53,0x0000000000000000,Not Active,Not Active,Not Active,1,1,5,16,[N/A],[N/A],[N/A]
1784689186.5176,214,598,0,0,41,4.53,0x0000000000000000,Not Active,Not Active,Not Active,1,1,5,16,[N/A],[N/A],[N/A]
1784689186.618,214,598,0,0,41,4.53,0x0000000000000000,Not Active,Not Active,Not Active,1,1,5,16,[N/A],[N/A],[N/A]
1784689186.7187,214,598,0,0,41,4.53,0x0000000000000000,Not Active,Not Active,Not Active,1,1,5,16,[N/A],[N/A],[N/A]
1784689186.8189,214,598,0,0,41,4.53,0x0000000000000000,Not Active,Not Active,Not Active,1,1,5,16,[N/A],[N/A],[N/A]
1784689186.9193,214,598,0,0,41,4.53,0x0000000000000000,Not Active,Not Active,Not Active,1,1,5,16,[N/A],[N/A],[N/A]
1784689187.0199,214,598,0,0,41,4.55,0x0000000000000000,Not Active,Not Active,Not Active,1,1,5,16,[N/A],[N/A],[N/A]
1784689187.1203,214,598,0,0,41,4.55,0x0000000000000000,Not Active,Not Active,Not Active,1,1,5,16,[N/A],[N/A],[N/A]
1784689187.2209,214,598,0,0,41,4.55,0x0000000000000000,Not Active,Not Active,Not Active,1,1,5,16,[N/A],[N/A],[N/A]
1784689187.3215,214,598,0,0,41,4.55,0x0000000000000000,Not Active,Not Active,Not Active,1,1,5,16,[N/A],[N/A],[N/A]
1784689187.422,214,598,0,0,41,4.55,0x0000000000000000,Not Active,Not Active,Not Active,1,1,5,16,[N/A],[N/A],[N/A]
1784689187.5224,214,598,0,0,41,4.55,0x0000000000000000,Not Active,Not Active,Not Active,1,1,5,16,[N/A],[N/A],[N/A]
1784689187.6228,214,598,0,0,41,4.55,0x0000000000000000,Not Active,Not Active,Not Active,1,1,5,16,[N/A],[N/A],[N/A]
1784689187.7234,214,598,0,0,41,4.55,0x0000000000000000,Not Active,Not Active,Not Active,1,1,5,16,[N/A],[N/A],[N/A]
1784689187.8239,214,598,0,0,41,4.55,0x0000000000000000,Not Active,Not Active,Not Active,1,1,5,16,[N/A],[N/A],[N/A]
1784689187.9245,214,598,0,0,41,4.55,0x0000000000000000,Not Active,Not Active,Not Active,1,1,5,16,[N/A],[N/A],[N/A]
1784689188.0251,208,598,0,0,41,4.50,0x0000000000000004,Active,Not Active,Not Active,1,1,5,16,[N/A],[N/A],[N/A]
1784689188.1258,208,598,0,0,41,4.50,0x0000000000000004,Active,Not Active,Not Active,1,1,5,16,[N/A],[N/A],[N/A]
1784689188.2264,208,598,0,0,41,4.50,0x0000000000000004,Active,Not Active,Not Active,1,1,5,16,[N/A],[N/A],[N/A]
1784689188.327,208,598,0,0,41,4.50,0x0000000000000004,Active,Not Active,Not Active,1,1,5,16,[N/A],[N/A],[N/A]
1784689188.4277,208,598,0,0,41,4.50,0x0000000000000004,Active,Not Active,Not Active,1,1,5,16,[N/A],[N/A],[N/A]
1784689188.5284,208,598,0,0,41,4.50,0x0000000000000004,Active,Not Active,Not Active,1,1,5,16,[N/A],[N/A],[N/A]
1784689188.629,208,598,0,0,41,4.50,0x0000000000000004,Active,Not Active,Not Active,1,1,5,16,[N/A],[N/A],[N/A]
1784689188.7293,208,598,0,0,41,4.50,0x0000000000000004,Active,Not Active,Not Active,1,1,5,16,[N/A],[N/A],[N/A]
1784689188.83,208,598,0,0,41,4.50,0x0000000000000004,Active,Not Active,Not Active,1,1,5,16,[N/A],[N/A],[N/A]
1784689188.9312,208,598,0,0,41,4.50,0x0000000000000004,Active,Not Active,Not Active,1,1,5,16,[N/A],[N/A],[N/A]
1784689189.0316,214,598,0,0,41,4.51,0x0000000000000000,Not Active,Not Active,Not Active,1,1,5,16,[N/A],[N/A],[N/A]
1784689189.132,214,598,0,0,41,4.51,0x0000000000000000,Not Active,Not Active,Not Active,1,1,5,16,[N/A],[N/A],[N/A]
1784689189.2324,214,598,0,0,41,4.51,0x0000000000000000,Not Active,Not Active,Not Active,1,1,5,16,[N/A],[N/A],[N/A]
1784689189.3331,214,598,0,0,41,4.51,0x0000000000000000,Not Active,Not Active,Not Active,1,1,5,16,[N/A],[N/A],[N/A]
1784689189.4337,214,598,0,0,41,4.51,0x0000000000000000,Not Active,Not Active,Not Active,1,1,5,16,[N/A],[N/A],[N/A]
1784689189.5345,214,598,0,0,41,4.51,0x0000000000000000,Not Active,Not Active,Not Active,1,1,5,16,[N/A],[N/A],[N/A]
1784689189.6351,214,598,0,0,41,4.51,0x0000000000000000,Not Active,Not Active,Not Active,1,1,5,16,[N/A],[N/A],[N/A]
1784689189.7357,214,598,0,0,41,4.51,0x0000000000000000,Not Active,Not Active,Not Active,1,1,5,16,[N/A],[N/A],[N/A]
1784689189.8363,214,598,0,0,41,4.51,0x0000000000000000,Not Active,Not Active,Not Active,1,1,5,16,[N/A],[N/A],[N/A]
1784689189.937,214,598,0,0,41,4.51,0x0000000000000000,Not Active,Not Active,Not Active,1,1,5,16,[N/A],[N/A],[N/A]
1784689190.0378,208,598,0,0,41,4.52,0x0000000000000004,Active,Not Active,Not Active,1,1,5,16,[N/A],[N/A],[N/A]
1784689190.1386,208,598,0,0,41,4.52,0x0000000000000004,Active,Not Active,Not Active,1,1,5,16,[N/A],[N/A],[N/A]
1784689190.2388,208,598,0,0,41,4.52,0x0000000000000004,Active,Not Active,Not Active,1,1,5,16,[N/A],[N/A],[N/A]
1784689190.3392,208,598,0,0,41,4.52,0x0000000000000004,Active,Not Active,Not Active,1,1,5,16,[N/A],[N/A],[N/A]
1784689190.4398,214,598,4,0,41,4.56,0x0000000000000000,Not Active,Not Active,Not Active,1,1,5,16,[N/A],[N/A],[N/A]
1784689190.5404,214,598,4,0,41,4.56,0x0000000000000000,Not Active,Not Active,Not Active,1,1,5,16,[N/A],[N/A],[N/A]
1784689190.6409,214,598,4,0,41,4.56,0x0000000000000000,Not Active,Not Active,Not Active,1,1,5,16,[N/A],[N/A],[N/A]
1784689190.7412,214,598,4,0,41,4.56,0x0000000000000000,Not Active,Not Active,Not Active,1,1,5,16,[N/A],[N/A],[N/A]
1784689190.8415,214,598,4,0,41,4.56,0x0000000000000000,Not Active,Not Active,Not Active,1,1,5,16,[N/A],[N/A],[N/A]
1784689190.9419,214,598,96,0,42,5.24,0x0000000000000000,Not Active,Not Active,Not Active,1,1,5,16,[N/A],[N/A],[N/A]
1784689191.0424,214,598,96,0,42,5.24,0x0000000000000000,Not Active,Not Active,Not Active,1,1,5,16,[N/A],[N/A],[N/A]
1784689191.1427,214,598,96,0,42,5.24,0x0000000000000000,Not Active,Not Active,Not Active,1,1,5,16,[N/A],[N/A],[N/A]
1784689191.243,214,598,96,0,42,5.24,0x0000000000000000,Not Active,Not Active,Not Active,1,1,5,16,[N/A],[N/A],[N/A]
1784689191.3431,214,598,96,0,42,5.24,0x0000000000000000,Not Active,Not Active,Not Active,1,1,5,16,[N/A],[N/A],[N/A]
1784689191.4437,214,598,96,0,42,6.33,0x0000000000000000,Not Active,Not Active,Not Active,1,1,5,16,[N/A],[N/A],[N/A]
1784689191.5439,214,598,96,0,42,6.33,0x0000000000000000,Not Active,Not Active,Not Active,1,1,5,16,[N/A],[N/A],[N/A]
1784689191.6447,214,598,96,0,42,6.33,0x0000000000000000,Not Active,Not Active,Not Active,1,1,5,16,[N/A],[N/A],[N/A]
1784689191.745,214,598,96,0,42,6.33,0x0000000000000000,Not Active,Not Active,Not Active,1,1,5,16,[N/A],[N/A],[N/A]
1784689191.8452,214,598,96,0,42,6.33,0x0000000000000000,Not Active,Not Active,Not Active,1,1,5,16,[N/A],[N/A],[N/A]
1784689191.9457,214,598,96,0,42,6.89,0x0000000000000000,Not Active,Not Active,Not Active,1,1,5,16,[N/A],[N/A],[N/A]
1784689192.0462,214,598,96,0,42,6.89,0x0000000000000000,Not Active,Not Active,Not Active,1,1,5,16,[N/A],[N/A],[N/A]
1784689192.1465,214,598,96,0,42,6.89,0x0000000000000000,Not Active,Not Active,Not Active,1,1,5,16,[N/A],[N/A],[N/A]
1784689192.2471,214,598,96,0,42,6.89,0x0000000000000000,Not Active,Not Active,Not Active,1,1,5,16,[N/A],[N/A],[N/A]
1784689192.3472,214,598,96,0,42,6.89,0x0000000000000000,Not Active,Not Active,Not Active,1,1,5,16,[N/A],[N/A],[N/A]
1784689192.4475,214,598,96,0,42,6.90,0x0000000000000000,Not Active,Not Active,Not Active,1,1,5,16,[N/A],[N/A],[N/A]
1784689192.548,214,598,96,0,42,6.90,0x0000000000000000,Not Active,Not Active,Not Active,1,1,5,16,[N/A],[N/A],[N/A]
1784689192.6486,214,598,96,0,42,6.90,0x0000000000000000,Not Active,Not Active,Not Active,1,1,5,16,[N/A],[N/A],[N/A]
1784689192.749,214,598,96,0,42,6.90,0x0000000000000000,Not Active,Not Active,Not Active,1,1,5,16,[N/A],[N/A],[N/A]
1784689192.8495,214,598,96,0,42,6.90,0x0000000000000000,Not Active,Not Active,Not Active,1,1,5,16,[N/A],[N/A],[N/A]
1784689192.9498,214,598,96,0,42,6.89,0x0000000000000000,Not Active,Not Active,Not Active,1,1,5,16,[N/A],[N/A],[N/A]
1784689193.0499,214,598,96,0,42,6.89,0x0000000000000000,Not Active,Not Active,Not Active,1,1,5,16,[N/A],[N/A],[N/A]
1784689193.1505,214,598,96,0,42,6.89,0x0000000000000000,Not Active,Not Active,Not Active,1,1,5,16,[N/A],[N/A],[N/A]
1784689193.251,214,598,96,0,42,6.89,0x0000000000000000,Not Active,Not Active,Not Active,1,1,5,16,[N/A],[N/A],[N/A]
1784689193.3514,214,598,96,0,42,6.89,0x0000000000000000,Not Active,Not Active,Not Active,1,1,5,16,[N/A],[N/A],[N/A]
1784689193.4516,214,598,96,0,42,6.89,0x0000000000000000,Not Active,Not Active,Not Active,1,1,5,16,[N/A],[N/A],[N/A]
1784689193.5522,214,598,96,0,42,6.89,0x0000000000000000,Not Active,Not Active,Not Active,1,1,5,16,[N/A],[N/A],[N/A]
1784689193.6527,214,598,96,0,42,6.89,0x0000000000000000,Not Active,Not Active,Not Active,1,1,5,16,[N/A],[N/A],[N/A]
1784689193.7529,214,598,96,0,42,6.89,0x0000000000000000,Not Active,Not Active,Not Active,1,1,5,16,[N/A],[N/A],[N/A]
1784689193.8535,214,598,96,0,42,6.89,0x0000000000000000,Not Active,Not Active,Not Active,1,1,5,16,[N/A],[N/A],[N/A]
1784689193.9537,214,598,96,0,42,6.89,0x0000000000000000,Not Active,Not Active,Not Active,1,1,5,16,[N/A],[N/A],[N/A]
1784689194.0542,214,598,96,0,42,6.89,0x0000000000000000,Not Active,Not Active,Not Active,1,1,5,16,[N/A],[N/A],[N/A]
1784689194.1548,214,598,96,0,42,6.89,0x0000000000000000,Not Active,Not Active,Not Active,1,1,5,16,[N/A],[N/A],[N/A]
1784689194.2555,214,598,96,0,42,6.89,0x0000000000000000,Not Active,Not Active,Not Active,1,1,5,16,[N/A],[N/A],[N/A]
1784689194.3562,214,598,96,0,42,6.89,0x0000000000000000,Not Active,Not Active,Not Active,1,1,5,16,[N/A],[N/A],[N/A]
1784689194.4566,214,598,96,0,42,6.90,0x0000000000000000,Not Active,Not Active,Not Active,1,1,5,16,[N/A],[N/A],[N/A]
1784689194.5569,214,598,96,0,42,6.90,0x0000000000000000,Not Active,Not Active,Not Active,1,1,5,16,[N/A],[N/A],[N/A]
1784689194.6574,214,598,96,0,42,6.90,0x0000000000000000,Not Active,Not Active,Not Active,1,1,5,16,[N/A],[N/A],[N/A]
1784689194.758,214,598,96,0,42,6.90,0x0000000000000000,Not Active,Not Active,Not Active,1,1,5,16,[N/A],[N/A],[N/A]
1784689194.8585,214,598,96,0,42,6.90,0x0000000000000000,Not Active,Not Active,Not Active,1,1,5,16,[N/A],[N/A],[N/A]
1784689194.959,214,598,96,0,42,6.90,0x0000000000000000,Not Active,Not Active,Not Active,1,1,5,16,[N/A],[N/A],[N/A]
1784689195.0592,214,598,96,0,42,6.90,0x0000000000000000,Not Active,Not Active,Not Active,1,1,5,16,[N/A],[N/A],[N/A]
1784689195.1595,214,598,96,0,42,6.90,0x0000000000000000,Not Active,Not Active,Not Active,1,1,5,16,[N/A],[N/A],[N/A]
1784689195.2598,214,598,96,0,42,6.90,0x0000000000000000,Not Active,Not Active,Not Active,1,1,5,16,[N/A],[N/A],[N/A]
1784689195.3602,214,598,96,0,42,6.90,0x0000000000000000,Not Active,Not Active,Not Active,1,1,5,16,[N/A],[N/A],[N/A]
1784689195.4606,214,598,96,0,42,6.89,0x0000000000000000,Not Active,Not Active,Not Active,1,1,5,16,[N/A],[N/A],[N/A]
1784689195.5609,214,598,96,0,42,6.89,0x0000000000000000,Not Active,Not Active,Not Active,1,1,5,16,[N/A],[N/A],[N/A]
1784689195.6614,214,598,96,0,42,6.89,0x0000000000000000,Not Active,Not Active,Not Active,1,1,5,16,[N/A],[N/A],[N/A]
1784689195.7617,214,598,96,0,42,6.89,0x0000000000000000,Not Active,Not Active,Not Active,1,1,5,16,[N/A],[N/A],[N/A]
1784689195.8619,214,598,96,0,42,6.89,0x0000000000000000,Not Active,Not Active,Not Active,1,1,5,16,[N/A],[N/A],[N/A]
1784689195.9628,214,598,96,0,42,6.89,0x0000000000000000,Not Active,Not Active,Not Active,1,1,5,16,[N/A],[N/A],[N/A]
1784689196.063,214,598,96,0,42,6.89,0x0000000000000000,Not Active,Not Active,Not Active,1,1,5,16,[N/A],[N/A],[N/A]
1784689196.1633,214,598,96,0,42,6.89,0x0000000000000000,Not Active,Not Active,Not Active,1,1,5,16,[N/A],[N/A],[N/A]
1784689196.2635,214,598,96,0,42,6.89,0x0000000000000000,Not Active,Not Active,Not Active,1,1,5,16,[N/A],[N/A],[N/A]
1784689196.3638,214,598,96,0,42,6.89,0x0000000000000000,Not Active,Not Active,Not Active,1,1,5,16,[N/A],[N/A],[N/A]
1784689196.4645,214,598,96,0,42,6.90,0x0000000000000000,Not Active,Not Active,Not Active,1,1,5,16,[N/A],[N/A],[N/A]
1784689196.565,214,598,96,0,42,6.90,0x0000000000000000,Not Active,Not Active,Not Active,1,1,5,16,[N/A],[N/A],[N/A]
1784689196.6653,214,598,96,0,42,6.90,0x0000000000000000,Not Active,Not Active,Not Active,1,1,5,16,[N/A],[N/A],[N/A]
1784689196.7657,214,598,96,0,42,6.90,0x0000000000000000,Not Active,Not Active,Not Active,1,1,5,16,[N/A],[N/A],[N/A]
1784689196.8664,214,598,96,0,42,6.90,0x0000000000000000,Not Active,Not Active,Not Active,1,1,5,16,[N/A],[N/A],[N/A]
1784689196.9667,214,598,96,0,42,6.92,0x0000000000000000,Not Active,Not Active,Not Active,1,1,5,16,[N/A],[N/A],[N/A]
1784689197.0671,214,598,96,0,42,6.92,0x0000000000000000,Not Active,Not Active,Not Active,1,1,5,16,[N/A],[N/A],[N/A]
1784689197.1673,214,598,96,0,42,6.92,0x0000000000000000,Not Active,Not Active,Not Active,1,1,5,16,[N/A],[N/A],[N/A]
1784689197.2679,214,598,96,0,42,6.92,0x0000000000000000,Not Active,Not Active,Not Active,1,1,5,16,[N/A],[N/A],[N/A]
1784689197.3685,214,598,96,0,42,6.92,0x0000000000000000,Not Active,Not Active,Not Active,1,1,5,16,[N/A],[N/A],[N/A]
1784689197.4687,214,598,96,0,42,6.92,0x0000000000000000,Not Active,Not Active,Not Active,1,1,5,16,[N/A],[N/A],[N/A]
1784689197.5694,214,598,96,0,42,6.92,0x0000000000000000,Not Active,Not Active,Not Active,1,1,5,16,[N/A],[N/A],[N/A]
1784689197.6699,214,598,96,0,42,6.92,0x0000000000000000,Not Active,Not Active,Not Active,1,1,5,16,[N/A],[N/A],[N/A]
1784689197.77,214,598,96,0,42,6.92,0x0000000000000000,Not Active,Not Active,Not Active,1,1,5,16,[N/A],[N/A],[N/A]
1784689197.8703,214,598,96,0,42,6.92,0x0000000000000000,Not Active,Not Active,Not Active,1,1,5,16,[N/A],[N/A],[N/A]
1784689197.9709,214,598,96,0,42,6.91,0x0000000000000000,Not Active,Not Active,Not Active,1,1,5,16,[N/A],[N/A],[N/A]
1784689198.0714,214,598,96,0,42,6.91,0x0000000000000000,Not Active,Not Active,Not Active,1,1,5,16,[N/A],[N/A],[N/A]
1784689198.1716,214,598,96,0,42,6.91,0x0000000000000000,Not Active,Not Active,Not Active,1,1,5,16,[N/A],[N/A],[N/A]
1784689198.2719,214,598,96,0,42,6.91,0x0000000000000000,Not Active,Not Active,Not Active,1,1,5,16,[N/A],[N/A],[N/A]
1784689198.3722,214,598,96,0,42,6.91,0x0000000000000000,Not Active,Not Active,Not Active,1,1,5,16,[N/A],[N/A],[N/A]
1784689198.4724,214,598,96,0,42,6.92,0x0000000000000000,Not Active,Not Active,Not Active,1,1,5,16,[N/A],[N/A],[N/A]
1784689198.573,214,598,96,0,42,6.92,0x0000000000000000,Not Active,Not Active,Not Active,1,1,5,16,[N/A],[N/A],[N/A]
1784689198.6737,214,598,96,0,42,6.92,0x0000000000000000,Not Active,Not Active,Not Active,1,1,5,16,[N/A],[N/A],[N/A]
1784689198.774,214,598,96,0,42,6.92,0x0000000000000000,Not Active,Not Active,Not Active,1,1,5,16,[N/A],[N/A],[N/A]
1784689198.8743,214,598,96,0,42,6.92,0x0000000000000000,Not Active,Not Active,Not Active,1,1,5,16,[N/A],[N/A],[N/A]
1784689198.975,214,598,96,0,42,6.92,0x0000000000000000,Not Active,Not Active,Not Active,1,1,5,16,[N/A],[N/A],[N/A]
1784689199.0755,214,598,96,0,42,6.92,0x0000000000000000,Not Active,Not Active,Not Active,1,1,5,16,[N/A],[N/A],[N/A]
1784689199.1759,214,598,96,0,42,6.92,0x0000000000000000,Not Active,Not Active,Not Active,1,1,5,16,[N/A],[N/A],[N/A]
1784689199.2762,214,598,96,0,42,6.92,0x0000000000000000,Not Active,Not Active,Not Active,1,1,5,16,[N/A],[N/A],[N/A]
1784689199.3766,214,598,96,0,42,6.92,0x0000000000000000,Not Active,Not Active,Not Active,1,1,5,16,[N/A],[N/A],[N/A]
1784689199.4774,214,598,96,0,42,6.91,0x0000000000000000,Not Active,Not Active,Not Active,1,1,5,16,[N/A],[N/A],[N/A]
1784689199.578,214,598,96,0,42,6.91,0x0000000000000000,Not Active,Not Active,Not Active,1,1,5,16,[N/A],[N/A],[N/A]
1784689199.6787,214,598,96,0,42,6.91,0x0000000000000000,Not Active,Not Active,Not Active,1,1,5,16,[N/A],[N/A],[N/A]
1784689199.7794,214,598,96,0,42,6.91,0x0000000000000000,Not Active,Not Active,Not Active,1,1,5,16,[N/A],[N/A],[N/A]
1784689199.8797,214,598,96,0,42,6.91,0x0000000000000000,Not Active,Not Active,Not Active,1,1,5,16,[N/A],[N/A],[N/A]
1784689199.98,214,598,96,0,42,6.90,0x0000000000000000,Not Active,Not Active,Not Active,1,1,5,16,[N/A],[N/A],[N/A]
1784689200.0802,214,598,96,0,42,6.90,0x0000000000000000,Not Active,Not Active,Not Active,1,1,5,16,[N/A],[N/A],[N/A]
1784689200.1808,214,598,96,0,42,6.90,0x0000000000000000,Not Active,Not Active,Not Active,1,1,5,16,[N/A],[N/A],[N/A]
1784689200.281,214,598,96,0,42,6.90,0x0000000000000000,Not Active,Not Active,Not Active,1,1,5,16,[N/A],[N/A],[N/A]
1784689200.3813,214,598,96,0,42,6.90,0x0000000000000000,Not Active,Not Active,Not Active,1,1,5,16,[N/A],[N/A],[N/A]
1784689200.4816,214,598,96,0,42,6.90,0x0000000000000000,Not Active,Not Active,Not Active,1,1,5,16,[N/A],[N/A],[N/A]
1784689200.5821,214,598,96,0,42,6.90,0x0000000000000000,Not Active,Not Active,Not Active,1,1,5,16,[N/A],[N/A],[N/A]
1784689200.6828,214,598,96,0,42,6.90,0x0000000000000000,Not Active,Not Active,Not Active,1,1,5,16,[N/A],[N/A],[N/A]
1784689200.7833,214,598,96,0,42,6.90,0x0000000000000000,Not Active,Not Active,Not Active,1,1,5,16,[N/A],[N/A],[N/A]
1784689200.8836,214,598,96,0,42,6.90,0x0000000000000000,Not Active,Not Active,Not Active,1,1,5,16,[N/A],[N/A],[N/A]
1784689200.9842,214,598,96,0,42,6.93,0x0000000000000000,Not Active,Not Active,Not Active,1,1,5,16,[N/A],[N/A],[N/A]
1784689201.0849,214,598,96,0,42,6.93,0x0000000000000000,Not Active,Not Active,Not Active,1,1,5,16,[N/A],[N/A],[N/A]
1784689201.1856,214,598,96,0,42,6.93,0x0000000000000000,Not Active,Not Active,Not Active,1,1,5,16,[N/A],[N/A],[N/A]
1784689201.2858,214,598,96,0,42,6.93,0x0000000000000000,Not Active,Not Active,Not Active,1,1,5,16,[N/A],[N/A],[N/A]
1784689201.386,214,598,96,0,42,6.93,0x0000000000000000,Not Active,Not Active,Not Active,1,1,5,16,[N/A],[N/A],[N/A]
1784689201.4866,214,598,96,0,42,6.94,0x0000000000000000,Not Active,Not Active,Not Active,1,1,5,16,[N/A],[N/A],[N/A]
1784689201.5869,214,598,96,0,42,6.94,0x0000000000000000,Not Active,Not Active,Not Active,1,1,5,16,[N/A],[N/A],[N/A]
1784689201.6871,214,598,96,0,42,6.94,0x0000000000000000,Not Active,Not Active,Not Active,1,1,5,16,[N/A],[N/A],[N/A]
1784689201.7874,214,598,96,0,42,6.94,0x0000000000000000,Not Active,Not Active,Not Active,1,1,5,16,[N/A],[N/A],[N/A]
1784689201.8876,214,598,96,0,42,6.94,0x0000000000000000,Not Active,Not Active,Not Active,1,1,5,16,[N/A],[N/A],[N/A]
1784689201.9879,214,598,96,0,42,6.93,0x0000000000000000,Not Active,Not Active,Not Active,1,1,5,16,[N/A],[N/A],[N/A]
1784689202.0881,214,598,96,0,42,6.93,0x0000000000000000,Not Active,Not Active,Not Active,1,1,5,16,[N/A],[N/A],[N/A]
1784689202.1887,214,598,96,0,42,6.93,0x0000000000000000,Not Active,Not Active,Not Active,1,1,5,16,[N/A],[N/A],[N/A]
1784689202.2889,214,598,96,0,42,6.93,0x0000000000000000,Not Active,Not Active,Not Active,1,1,5,16,[N/A],[N/A],[N/A]
1784689202.3894,214,598,96,0,42,6.93,0x0000000000000000,Not Active,Not Active,Not Active,1,1,5,16,[N/A],[N/A],[N/A]
1784689202.4897,214,598,96,0,42,6.91,0x0000000000000000,Not Active,Not Active,Not Active,1,1,5,16,[N/A],[N/A],[N/A]
1784689202.5899,214,598,96,0,42,6.91,0x0000000000000000,Not Active,Not Active,Not Active,1,1,5,16,[N/A],[N/A],[N/A]
1784689202.6905,214,598,96,0,42,6.91,0x0000000000000000,Not Active,Not Active,Not Active,1,1,5,16,[N/A],[N/A],[N/A]
1784689202.7908,214,598,96,0,42,6.91,0x0000000000000000,Not Active,Not Active,Not Active,1,1,5,16,[N/A],[N/A],[N/A]
1784689202.8911,214,598,96,0,42,6.91,0x0000000000000000,Not Active,Not Active,Not Active,1,1,5,16,[N/A],[N/A],[N/A]
1784689202.9913,214,598,96,0,42,6.90,0x0000000000000000,Not Active,Not Active,Not Active,1,1,5,16,[N/A],[N/A],[N/A]
1784689203.0916,214,598,96,0,42,6.90,0x0000000000000000,Not Active,Not Active,Not Active,1,1,5,16,[N/A],[N/A],[N/A]
1784689203.192,214,598,96,0,42,6.90,0x0000000000000000,Not Active,Not Active,Not Active,1,1,5,16,[N/A],[N/A],[N/A]
1784689203.2923,214,598,96,0,42,6.90,0x0000000000000000,Not Active,Not Active,Not Active,1,1,5,16,[N/A],[N/A],[N/A]
1784689203.3924,214,598,96,0,42,6.90,0x0000000000000000,Not Active,Not Active,Not Active,1,1,5,16,[N/A],[N/A],[N/A]
1784689203.4926,214,598,96,0,42,6.90,0x0000000000000000,Not Active,Not Active,Not Active,1,1,5,16,[N/A],[N/A],[N/A]
1784689203.5927,214,598,96,0,42,6.90,0x0000000000000000,Not Active,Not Active,Not Active,1,1,5,16,[N/A],[N/A],[N/A]
1784689203.6934,214,598,96,0,42,6.90,0x0000000000000000,Not Active,Not Active,Not Active,1,1,5,16,[N/A],[N/A],[N/A]
1784689203.7938,214,598,96,0,42,6.90,0x0000000000000000,Not Active,Not Active,Not Active,1,1,5,16,[N/A],[N/A],[N/A]
1784689203.8944,214,598,96,0,42,6.90,0x0000000000000000,Not Active,Not Active,Not Active,1,1,5,16,[N/A],[N/A],[N/A]
1784689203.9949,214,598,96,0,42,6.91,0x0000000000000000,Not Active,Not Active,Not Active,1,1,5,16,[N/A],[N/A],[N/A]
1784689204.0951,214,598,96,0,42,6.91,0x0000000000000000,Not Active,Not Active,Not Active,1,1,5,16,[N/A],[N/A],[N/A]
1784689204.1957,214,598,96,0,42,6.91,0x0000000000000000,Not Active,Not Active,Not Active,1,1,5,16,[N/A],[N/A],[N/A]
1784689204.2958,214,598,96,0,42,6.91,0x0000000000000000,Not Active,Not Active,Not Active,1,1,5,16,[N/A],[N/A],[N/A]
1784689204.3964,214,598,96,0,42,6.91,0x0000000000000000,Not Active,Not Active,Not Active,1,1,5,16,[N/A],[N/A],[N/A]
1784689204.4966,214,598,96,0,42,6.92,0x0000000000000000,Not Active,Not Active,Not Active,1,1,5,16,[N/A],[N/A],[N/A]
1784689204.5969,214,598,96,0,42,6.92,0x0000000000000000,Not Active,Not Active,Not Active,1,1,5,16,[N/A],[N/A],[N/A]
1784689204.6971,214,598,96,0,42,6.92,0x0000000000000000,Not Active,Not Active,Not Active,1,1,5,16,[N/A],[N/A],[N/A]
1784689204.7974,214,598,96,0,42,6.92,0x0000000000000000,Not Active,Not Active,Not Active,1,1,5,16,[N/A],[N/A],[N/A]
1784689204.8979,214,598,96,0,42,6.92,0x0000000000000000,Not Active,Not Active,Not Active,1,1,5,16,[N/A],[N/A],[N/A]
1784689204.9984,214,598,96,0,42,6.91,0x0000000000000000,Not Active,Not Active,Not Active,1,1,5,16,[N/A],[N/A],[N/A]
1784689205.099,214,598,96,0,42,6.91,0x0000000000000000,Not Active,Not Active,Not Active,1,1,5,16,[N/A],[N/A],[N/A]
1784689205.1992,214,598,96,0,42,6.91,0x0000000000000000,Not Active,Not Active,Not Active,1,1,5,16,[N/A],[N/A],[N/A]
1784689205.2995,214,598,96,0,42,6.91,0x0000000000000000,Not Active,Not Active,Not Active,1,1,5,16,[N/A],[N/A],[N/A]
1784689205.3998,214,598,96,0,42,6.91,0x0000000000000000,Not Active,Not Active,Not Active,1,1,5,16,[N/A],[N/A],[N/A]
1784689205.5,214,598,96,0,42,6.93,0x0000000000000000,Not Active,Not Active,Not Active,1,1,5,16,[N/A],[N/A],[N/A]
1784689205.6005,214,598,96,0,42,6.93,0x0000000000000000,Not Active,Not Active,Not Active,1,1,5,16,[N/A],[N/A],[N/A]
1784689205.7008,214,598,96,0,42,6.93,0x0000000000000000,Not Active,Not Active,Not Active,1,1,5,16,[N/A],[N/A],[N/A]
1784689205.8011,214,598,96,0,42,6.93,0x0000000000000000,Not Active,Not Active,Not Active,1,1,5,16,[N/A],[N/A],[N/A]
1784689205.9013,214,598,96,0,42,6.93,0x0000000000000000,Not Active,Not Active,Not Active,1,1,5,16,[N/A],[N/A],[N/A]
1784689206.0017,214,598,96,0,42,6.94,0x0000000000000000,Not Active,Not Active,Not Active,1,1,5,16,[N/A],[N/A],[N/A]
1784689206.1024,214,598,96,0,42,6.94,0x0000000000000000,Not Active,Not Active,Not Active,1,1,5,16,[N/A],[N/A],[N/A]
1784689206.2026,214,598,96,0,42,6.94,0x0000000000000000,Not Active,Not Active,Not Active,1,1,5,16,[N/A],[N/A],[N/A]
1784689206.3029,214,598,96,0,42,6.94,0x0000000000000000,Not Active,Not Active,Not Active,1,1,5,16,[N/A],[N/A],[N/A]
1784689206.4032,214,598,96,0,42,6.94,0x0000000000000000,Not Active,Not Active,Not Active,1,1,5,16,[N/A],[N/A],[N/A]
1784689206.5037,214,598,96,0,42,6.93,0x0000000000000000,Not Active,Not Active,Not Active,1,1,5,16,[N/A],[N/A],[N/A]
1784689206.6043,214,598,96,0,42,6.93,0x0000000000000000,Not Active,Not Active,Not Active,1,1,5,16,[N/A],[N/A],[N/A]
1784689206.7045,214,598,96,0,42,6.93,0x0000000000000000,Not Active,Not Active,Not Active,1,1,5,16,[N/A],[N/A],[N/A]
1784689206.8048,214,598,96,0,42,6.93,0x0000000000000000,Not Active,Not Active,Not Active,1,1,5,16,[N/A],[N/A],[N/A]
1784689206.9052,214,598,96,0,42,6.93,0x0000000000000000,Not Active,Not Active,Not Active,1,1,5,16,[N/A],[N/A],[N/A]
1784689207.0058,214,598,96,0,42,6.92,0x0000000000000000,Not Active,Not Active,Not Active,1,1,5,16,[N/A],[N/A],[N/A]
1784689207.106,214,598,96,0,42,6.92,0x0000000000000000,Not Active,Not Active,Not Active,1,1,5,16,[N/A],[N/A],[N/A]
1784689207.2067,214,598,96,0,42,6.92,0x0000000000000000,Not Active,Not Active,Not Active,1,1,5,16,[N/A],[N/A],[N/A]
1784689207.307,214,598,96,0,42,6.92,0x0000000000000000,Not Active,Not Active,Not Active,1,1,5,16,[N/A],[N/A],[N/A]
1784689207.4076,214,598,96,0,42,6.92,0x0000000000000000,Not Active,Not Active,Not Active,1,1,5,16,[N/A],[N/A],[N/A]
1784689207.5079,214,598,96,0,42,6.91,0x0000000000000000,Not Active,Not Active,Not Active,1,1,5,16,[N/A],[N/A],[N/A]
1784689207.6088,214,598,96,0,42,6.91,0x0000000000000000,Not Active,Not Active,Not Active,1,1,5,16,[N/A],[N/A],[N/A]
1784689207.7091,214,598,96,0,42,6.91,0x0000000000000000,Not Active,Not Active,Not Active,1,1,5,16,[N/A],[N/A],[N/A]
1784689207.8094,214,598,96,0,42,6.91,0x0000000000000000,Not Active,Not Active,Not Active,1,1,5,16,[N/A],[N/A],[N/A]
1784689207.91,214,598,96,0,42,6.91,0x0000000000000000,Not Active,Not Active,Not Active,1,1,5,16,[N/A],[N/A],[N/A]
1784689208.0106,214,598,96,0,42,6.92,0x0000000000000000,Not Active,Not Active,Not Active,1,1,5,16,[N/A],[N/A],[N/A]
1784689208.1113,214,598,96,0,42,6.92,0x0000000000000000,Not Active,Not Active,Not Active,1,1,5,16,[N/A],[N/A],[N/A]
1784689208.2119,214,598,96,0,42,6.92,0x0000000000000000,Not Active,Not Active,Not Active,1,1,5,16,[N/A],[N/A],[N/A]
1784689208.3122,214,598,96,0,42,6.92,0x0000000000000000,Not Active,Not Active,Not Active,1,1,5,16,[N/A],[N/A],[N/A]
1784689208.4125,214,598,96,0,42,6.92,0x0000000000000000,Not Active,Not Active,Not Active,1,1,5,16,[N/A],[N/A],[N/A]
1784689208.5131,214,598,96,0,42,6.92,0x0000000000000000,Not Active,Not Active,Not Active,1,1,5,16,[N/A],[N/A],[N/A]
1784689208.6137,214,598,96,0,42,6.92,0x0000000000000000,Not Active,Not Active,Not Active,1,1,5,16,[N/A],[N/A],[N/A]
1784689208.714,214,598,96,0,42,6.92,0x0000000000000000,Not Active,Not Active,Not Active,1,1,5,16,[N/A],[N/A],[N/A]
1784689208.8142,214,598,96,0,42,6.92,0x0000000000000000,Not Active,Not Active,Not Active,1,1,5,16,[N/A],[N/A],[N/A]
1784689208.9148,214,598,96,0,42,6.92,0x0000000000000000,Not Active,Not Active,Not Active,1,1,5,16,[N/A],[N/A],[N/A]
1784689209.015,214,598,96,0,42,6.93,0x0000000000000000,Not Active,Not Active,Not Active,1,1,5,16,[N/A],[N/A],[N/A]
1784689209.1157,214,598,96,0,42,6.93,0x0000000000000000,Not Active,Not Active,Not Active,1,1,5,16,[N/A],[N/A],[N/A]
1784689209.2163,214,598,96,0,42,6.93,0x0000000000000000,Not Active,Not Active,Not Active,1,1,5,16,[N/A],[N/A],[N/A]
1784689209.3169,214,598,96,0,42,6.93,0x0000000000000000,Not Active,Not Active,Not Active,1,1,5,16,[N/A],[N/A],[N/A]
1784689209.4173,214,598,96,0,42,6.93,0x0000000000000000,Not Active,Not Active,Not Active,1,1,5,16,[N/A],[N/A],[N/A]
1784689209.5177,214,598,96,0,42,6.95,0x0000000000000000,Not Active,Not Active,Not Active,1,1,5,16,[N/A],[N/A],[N/A]
1784689209.6179,214,598,96,0,42,6.95,0x0000000000000000,Not Active,Not Active,Not Active,1,1,5,16,[N/A],[N/A],[N/A]
1784689209.7183,214,598,96,0,42,6.95,0x0000000000000000,Not Active,Not Active,Not Active,1,1,5,16,[N/A],[N/A],[N/A]
1784689209.8188,214,598,96,0,42,6.95,0x0000000000000000,Not Active,Not Active,Not Active,1,1,5,16,[N/A],[N/A],[N/A]
1784689209.919,214,598,96,0,42,6.95,0x0000000000000000,Not Active,Not Active,Not Active,1,1,5,16,[N/A],[N/A],[N/A]
1784689210.0196,214,598,96,0,42,6.97,0x0000000000000000,Not Active,Not Active,Not Active,1,1,5,16,[N/A],[N/A],[N/A]
1784689210.1198,214,598,96,0,42,6.97,0x0000000000000000,Not Active,Not Active,Not Active,1,1,5,16,[N/A],[N/A],[N/A]
1784689210.2201,214,598,96,0,42,6.97,0x0000000000000000,Not Active,Not Active,Not Active,1,1,5,16,[N/A],[N/A],[N/A]
1784689210.3206,214,598,96,0,42,6.97,0x0000000000000000,Not Active,Not Active,Not Active,1,1,5,16,[N/A],[N/A],[N/A]
1784689210.4209,214,598,96,0,42,6.97,0x0000000000000000,Not Active,Not Active,Not Active,1,1,5,16,[N/A],[N/A],[N/A]
1784689210.5214,214,598,96,0,42,6.98,0x0000000000000000,Not Active,Not Active,Not Active,1,1,5,16,[N/A],[N/A],[N/A]
1784689210.622,214,598,96,0,42,6.98,0x0000000000000000,Not Active,Not Active,Not Active,1,1,5,16,[N/A],[N/A],[N/A]
1784689210.7225,214,598,96,0,42,6.98,0x0000000000000000,Not Active,Not Active,Not Active,1,1,5,16,[N/A],[N/A],[N/A]
1784689210.823,214,598,96,0,42,6.98,0x0000000000000000,Not Active,Not Active,Not Active,1,1,5,16,[N/A],[N/A],[N/A]
1784689210.9235,214,598,96,0,42,6.98,0x0000000000000000,Not Active,Not Active,Not Active,1,1,5,16,[N/A],[N/A],[N/A]
1784689211.024,214,598,96,0,42,6.97,0x0000000000000000,Not Active,Not Active,Not Active,1,1,5,16,[N/A],[N/A],[N/A]
1784689211.1246,214,598,96,0,42,6.97,0x0000000000000000,Not Active,Not Active,Not Active,1,1,5,16,[N/A],[N/A],[N/A]
1784689211.2251,214,598,96,0,42,6.97,0x0000000000000000,Not Active,Not Active,Not Active,1,1,5,16,[N/A],[N/A],[N/A]
1784689211.3254,214,598,96,0,42,6.97,0x0000000000000000,Not Active,Not Active,Not Active,1,1,5,16,[N/A],[N/A],[N/A]
1784689211.4259,214,598,96,0,42,6.97,0x0000000000000000,Not Active,Not Active,Not Active,1,1,5,16,[N/A],[N/A],[N/A]
1784689211.5262,214,598,96,0,42,6.95,0x0000000000000000,Not Active,Not Active,Not Active,1,1,5,16,[N/A],[N/A],[N/A]
1784689211.6267,214,598,96,0,42,6.95,0x0000000000000000,Not Active,Not Active,Not Active,1,1,5,16,[N/A],[N/A],[N/A]
1784689211.7271,214,598,96,0,42,6.95,0x0000000000000000,Not Active,Not Active,Not Active,1,1,5,16,[N/A],[N/A],[N/A]
1784689211.8276,214,598,96,0,42,6.95,0x0000000000000000,Not Active,Not Active,Not Active,1,1,5,16,[N/A],[N/A],[N/A]
1784689211.9282,214,598,96,0,42,6.95,0x0000000000000000,Not Active,Not Active,Not Active,1,1,5,16,[N/A],[N/A],[N/A]
1784689212.0283,214,598,96,0,42,6.95,0x0000000000000000,Not Active,Not Active,Not Active,1,1,5,16,[N/A],[N/A],[N/A]
1784689212.1289,214,598,96,0,42,6.95,0x0000000000000000,Not Active,Not Active,Not Active,1,1,5,16,[N/A],[N/A],[N/A]
1784689212.2295,214,598,96,0,42,6.95,0x0000000000000000,Not Active,Not Active,Not Active,1,1,5,16,[N/A],[N/A],[N/A]
1784689212.3298,214,598,96,0,42,6.95,0x0000000000000000,Not Active,Not Active,Not Active,1,1,5,16,[N/A],[N/A],[N/A]
1784689212.4303,214,598,96,0,42,6.95,0x0000000000000000,Not Active,Not Active,Not Active,1,1,5,16,[N/A],[N/A],[N/A]
1784689212.5306,214,598,96,0,42,6.96,0x0000000000000000,Not Active,Not Active,Not Active,1,1,5,16,[N/A],[N/A],[N/A]
1784689212.6311,214,598,96,0,42,6.96,0x0000000000000000,Not Active,Not Active,Not Active,1,1,5,16,[N/A],[N/A],[N/A]
1784689212.7314,214,598,96,0,42,6.96,0x0000000000000000,Not Active,Not Active,Not Active,1,1,5,16,[N/A],[N/A],[N/A]
1784689212.8321,214,598,96,0,42,6.96,0x0000000000000000,Not Active,Not Active,Not Active,1,1,5,16,[N/A],[N/A],[N/A]
1784689212.9324,214,598,96,0,42,6.96,0x0000000000000000,Not Active,Not Active,Not Active,1,1,5,16,[N/A],[N/A],[N/A]
1784689213.033,214,598,96,0,42,6.93,0x0000000000000000,Not Active,Not Active,Not Active,1,1,5,16,[N/A],[N/A],[N/A]
1784689213.1332,214,598,96,0,42,6.93,0x0000000000000000,Not Active,Not Active,Not Active,1,1,5,16,[N/A],[N/A],[N/A]
1784689213.2336,214,598,96,0,42,6.93,0x0000000000000000,Not Active,Not Active,Not Active,1,1,5,16,[N/A],[N/A],[N/A]
1784689213.3343,214,598,96,0,42,6.93,0x0000000000000000,Not Active,Not Active,Not Active,1,1,5,16,[N/A],[N/A],[N/A]
1784689213.4347,214,598,96,0,42,6.93,0x0000000000000000,Not Active,Not Active,Not Active,1,1,5,16,[N/A],[N/A],[N/A]
1784689213.5352,214,598,96,0,42,6.92,0x0000000000000000,Not Active,Not Active,Not Active,1,1,5,16,[N/A],[N/A],[N/A]
1784689213.6354,214,598,96,0,42,6.92,0x0000000000000000,Not Active,Not Active,Not Active,1,1,5,16,[N/A],[N/A],[N/A]
1784689213.7359,214,598,96,0,42,6.92,0x0000000000000000,Not Active,Not Active,Not Active,1,1,5,16,[N/A],[N/A],[N/A]
1784689213.8364,214,598,96,0,42,6.92,0x0000000000000000,Not Active,Not Active,Not Active,1,1,5,16,[N/A],[N/A],[N/A]
1784689213.9372,214,598,96,0,42,6.92,0x0000000000000000,Not Active,Not Active,Not Active,1,1,5,16,[N/A],[N/A],[N/A]
1784689214.0378,214,598,96,0,42,6.93,0x0000000000000000,Not Active,Not Active,Not Active,1,1,5,16,[N/A],[N/A],[N/A]
1784689214.1381,214,598,96,0,42,6.93,0x0000000000000000,Not Active,Not Active,Not Active,1,1,5,16,[N/A],[N/A],[N/A]
1784689214.2387,214,598,96,0,42,6.93,0x0000000000000000,Not Active,Not Active,Not Active,1,1,5,16,[N/A],[N/A],[N/A]
1784689214.3391,214,598,96,0,42,6.93,0x0000000000000000,Not Active,Not Active,Not Active,1,1,5,16,[N/A],[N/A],[N/A]
1784689214.4395,214,598,96,0,42,6.93,0x0000000000000000,Not Active,Not Active,Not Active,1,1,5,16,[N/A],[N/A],[N/A]
1784689214.5397,214,598,0,0,42,6.06,0x0000000000000000,Not Active,Not Active,Not Active,1,1,5,16,[N/A],[N/A],[N/A]
1784689214.6402,214,598,0,0,42,6.06,0x0000000000000000,Not Active,Not Active,Not Active,1,1,5,16,[N/A],[N/A],[N/A]
1784689214.7406,214,598,0,0,42,6.06,0x0000000000000000,Not Active,Not Active,Not Active,1,1,5,16,[N/A],[N/A],[N/A]
1784689214.8409,214,598,0,0,42,6.06,0x0000000000000000,Not Active,Not Active,Not Active,1,1,5,16,[N/A],[N/A],[N/A]
1784689214.9415,214,598,0,0,42,6.06,0x0000000000000000,Not Active,Not Active,Not Active,1,1,5,16,[N/A],[N/A],[N/A]
1784689215.0422,214,598,0,0,42,5.11,0x0000000000000000,Not Active,Not Active,Not Active,1,1,5,16,[N/A],[N/A],[N/A]
1784689215.1428,214,598,0,0,42,5.11,0x0000000000000000,Not Active,Not Active,Not Active,1,1,5,16,[N/A],[N/A],[N/A]
1784689215.2432,214,598,0,0,42,5.11,0x0000000000000000,Not Active,Not Active,Not Active,1,1,5,16,[N/A],[N/A],[N/A]
1784689215.3435,214,598,0,0,42,5.11,0x0000000000000000,Not Active,Not Active,Not Active,1,1,5,16,[N/A],[N/A],[N/A]
1784689215.4441,214,598,0,0,42,5.11,0x0000000000000000,Not Active,Not Active,Not Active,1,1,5,16,[N/A],[N/A],[N/A]
1784689215.5446,214,598,0,0,42,5.05,0x0000000000000000,Not Active,Not Active,Not Active,1,1,5,16,[N/A],[N/A],[N/A]
1784689215.6452,214,598,0,0,42,5.05,0x0000000000000000,Not Active,Not Active,Not Active,1,1,5,16,[N/A],[N/A],[N/A]
1784689215.7456,214,598,0,0,42,5.05,0x0000000000000000,Not Active,Not Active,Not Active,1,1,5,16,[N/A],[N/A],[N/A]
1784689215.8459,214,598,0,0,42,5.05,0x0000000000000000,Not Active,Not Active,Not Active,1,1,5,16,[N/A],[N/A],[N/A]
1784689215.9465,214,598,0,0,42,5.05,0x0000000000000000,Not Active,Not Active,Not Active,1,1,5,16,[N/A],[N/A],[N/A]
1784689216.0471,214,591,0,0,42,5.06,0x0000000000000000,Not Active,Not Active,Not Active,1,1,5,16,[N/A],[N/A],[N/A]
1784689216.1475,214,591,0,0,42,5.06,0x0000000000000000,Not Active,Not Active,Not Active,1,1,5,16,[N/A],[N/A],[N/A]
1784689216.2477,214,591,0,0,42,5.06,0x0000000000000000,Not Active,Not Active,Not Active,1,1,5,16,[N/A],[N/A],[N/A]
1784689216.3481,214,591,0,0,42,5.06,0x0000000000000000,Not Active,Not Active,Not Active,1,1,5,16,[N/A],[N/A],[N/A]
1784689216.4487,214,591,0,0,42,5.06,0x0000000000000000,Not Active,Not Active,Not Active,1,1,5,16,[N/A],[N/A],[N/A]
1784689216.5495,214,598,0,0,42,5.06,0x0000000000000000,Not Active,Not Active,Not Active,1,1,5,16,[N/A],[N/A],[N/A]
1784689216.6501,214,598,0,0,42,5.06,0x0000000000000000,Not Active,Not Active,Not Active,1,1,5,16,[N/A],[N/A],[N/A]
1784689216.7505,214,598,0,0,42,5.06,0x0000000000000000,Not Active,Not Active,Not Active,1,1,5,16,[N/A],[N/A],[N/A]
1784689216.8509,214,598,0,0,42,5.06,0x0000000000000000,Not Active,Not Active,Not Active,1,1,5,16,[N/A],[N/A],[N/A]
1784689216.9512,214,598,0,0,42,5.06,0x0000000000000000,Not Active,Not Active,Not Active,1,1,5,16,[N/A],[N/A],[N/A]
1784689217.0519,214,598,0,0,42,5.06,0x0000000000000000,Not Active,Not Active,Not Active,1,1,5,16,[N/A],[N/A],[N/A]
1784689217.1523,214,598,0,0,42,5.06,0x0000000000000000,Not Active,Not Active,Not Active,1,1,5,16,[N/A],[N/A],[N/A]
1784689217.2529,214,598,0,0,42,5.06,0x0000000000000000,Not Active,Not Active,Not Active,1,1,5,16,[N/A],[N/A],[N/A]
1784689217.3532,214,598,0,0,42,5.06,0x0000000000000000,Not Active,Not Active,Not Active,1,1,5,16,[N/A],[N/A],[N/A]
1784689217.4536,214,598,0,0,42,5.06,0x0000000000000000,Not Active,Not Active,Not Active,1,1,5,16,[N/A],[N/A],[N/A]
1784689217.5542,214,598,0,0,42,5.06,0x0000000000000000,Not Active,Not Active,Not Active,1,1,5,16,[N/A],[N/A],[N/A]
1784689217.6549,214,598,0,0,42,5.06,0x0000000000000000,Not Active,Not Active,Not Active,1,1,5,16,[N/A],[N/A],[N/A]
1784689217.7555,214,598,0,0,42,5.06,0x0000000000000000,Not Active,Not Active,Not Active,1,1,5,16,[N/A],[N/A],[N/A]
1784689217.8559,214,598,0,0,42,5.06,0x0000000000000000,Not Active,Not Active,Not Active,1,1,5,16,[N/A],[N/A],[N/A]
1784689217.9562,214,598,0,0,42,5.06,0x0000000000000000,Not Active,Not Active,Not Active,1,1,5,16,[N/A],[N/A],[N/A]
1784689218.0569,214,598,0,0,42,4.57,0x0000000000000000,Not Active,Not Active,Not Active,1,1,5,16,[N/A],[N/A],[N/A]
1784689218.1576,214,598,0,0,42,4.57,0x0000000000000000,Not Active,Not Active,Not Active,1,1,5,16,[N/A],[N/A],[N/A]
1784689218.2582,214,598,0,0,42,4.57,0x0000000000000000,Not Active,Not Active,Not Active,1,1,5,16,[N/A],[N/A],[N/A]
1784689218.3588,214,598,0,0,42,4.57,0x0000000000000000,Not Active,Not Active,Not Active,1,1,5,16,[N/A],[N/A],[N/A]
1784689218.4595,214,598,0,0,42,4.57,0x0000000000000000,Not Active,Not Active,Not Active,1,1,5,16,[N/A],[N/A],[N/A]
1784689218.5602,214,598,0,0,42,4.57,0x0000000000000000,Not Active,Not Active,Not Active,1,1,5,16,[N/A],[N/A],[N/A]
1784689218.6608,214,598,0,0,42,4.57,0x0000000000000000,Not Active,Not Active,Not Active,1,1,5,16,[N/A],[N/A],[N/A]
1784689218.7614,214,598,0,0,42,4.57,0x0000000000000000,Not Active,Not Active,Not Active,1,1,5,16,[N/A],[N/A],[N/A]
1784689218.8621,214,598,0,0,42,4.57,0x0000000000000000,Not Active,Not Active,Not Active,1,1,5,16,[N/A],[N/A],[N/A]
1784689218.9625,208,598,0,0,42,4.52,0x0000000000000004,Active,Not Active,Not Active,1,1,5,16,[N/A],[N/A],[N/A]
1784689219.0631,208,598,0,0,42,4.52,0x0000000000000004,Active,Not Active,Not Active,1,1,5,16,[N/A],[N/A],[N/A]
1784689219.1637,208,598,0,0,42,4.52,0x0000000000000004,Active,Not Active,Not Active,1,1,5,16,[N/A],[N/A],[N/A]
1784689219.2643,208,598,0,0,42,4.52,0x0000000000000004,Active,Not Active,Not Active,1,1,5,16,[N/A],[N/A],[N/A]
1784689219.365,208,598,0,0,42,4.52,0x0000000000000004,Active,Not Active,Not Active,1,1,5,16,[N/A],[N/A],[N/A]
1784689219.4654,208,598,0,0,42,4.52,0x0000000000000004,Active,Not Active,Not Active,1,1,5,16,[N/A],[N/A],[N/A]
1784689219.566,208,598,0,0,42,4.52,0x0000000000000004,Active,Not Active,Not Active,1,1,5,16,[N/A],[N/A],[N/A]
1784689219.6664,208,598,0,0,42,4.52,0x0000000000000004,Active,Not Active,Not Active,1,1,5,16,[N/A],[N/A],[N/A]
1784689219.7672,208,598,0,0,42,4.52,0x0000000000000004,Active,Not Active,Not Active,1,1,5,16,[N/A],[N/A],[N/A]
1784689219.8677,208,598,0,0,42,4.52,0x0000000000000004,Active,Not Active,Not Active,1,1,5,16,[N/A],[N/A],[N/A]
1784689219.9681,214,598,0,0,42,4.53,0x0000000000000000,Not Active,Not Active,Not Active,1,1,5,16,[N/A],[N/A],[N/A]
1784689220.0689,214,598,0,0,42,4.53,0x0000000000000000,Not Active,Not Active,Not Active,1,1,5,16,[N/A],[N/A],[N/A]
1784689220.1698,214,598,0,0,42,4.53,0x0000000000000000,Not Active,Not Active,Not Active,1,1,5,16,[N/A],[N/A],[N/A]
1784689220.2702,214,598,0,0,42,4.53,0x0000000000000000,Not Active,Not Active,Not Active,1,1,5,16,[N/A],[N/A],[N/A]
1784689220.3708,214,598,0,0,42,4.53,0x0000000000000000,Not Active,Not Active,Not Active,1,1,5,16,[N/A],[N/A],[N/A]
1784689220.4714,214,598,0,0,42,4.53,0x0000000000000000,Not Active,Not Active,Not Active,1,1,5,16,[N/A],[N/A],[N/A]
1784689220.5721,214,598,0,0,42,4.53,0x0000000000000000,Not Active,Not Active,Not Active,1,1,5,16,[N/A],[N/A],[N/A]
1784689220.6727,214,598,0,0,42,4.53,0x0000000000000000,Not Active,Not Active,Not Active,1,1,5,16,[N/A],[N/A],[N/A]
1784689220.7734,214,598,0,0,42,4.53,0x0000000000000000,Not Active,Not Active,Not Active,1,1,5,16,[N/A],[N/A],[N/A]
1784689220.8739,214,598,0,0,42,4.53,0x0000000000000000,Not Active,Not Active,Not Active,1,1,5,16,[N/A],[N/A],[N/A]
1784689220.9742,208,598,0,0,42,4.56,0x0000000000000004,Active,Not Active,Not Active,1,1,5,16,[N/A],[N/A],[N/A]
1784689221.0746,208,598,0,0,42,4.56,0x0000000000000004,Active,Not Active,Not Active,1,1,5,16,[N/A],[N/A],[N/A]
1784689221.175,208,598,0,0,42,4.56,0x0000000000000004,Active,Not Active,Not Active,1,1,5,16,[N/A],[N/A],[N/A]
1784689221.2756,208,598,0,0,42,4.56,0x0000000000000004,Active,Not Active,Not Active,1,1,5,16,[N/A],[N/A],[N/A]
1784689221.3763,208,598,0,0,42,4.56,0x0000000000000004,Active,Not Active,Not Active,1,1,5,16,[N/A],[N/A],[N/A]
1784689221.4769,214,598,0,0,42,4.57,0x0000000000000000,Not Active,Not Active,Not Active,1,1,5,16,[N/A],[N/A],[N/A]
1784689221.5773,214,598,0,0,42,4.57,0x0000000000000000,Not Active,Not Active,Not Active,1,1,5,16,[N/A],[N/A],[N/A]
1784689221.6778,214,598,0,0,42,4.57,0x0000000000000000,Not Active,Not Active,Not Active,1,1,5,16,[N/A],[N/A],[N/A]
1784689221.7786,214,598,0,0,42,4.57,0x0000000000000000,Not Active,Not Active,Not Active,1,1,5,16,[N/A],[N/A],[N/A]
1784689221.8791,214,598,0,0,42,4.57,0x0000000000000000,Not Active,Not Active,Not Active,1,1,5,16,[N/A],[N/A],[N/A]
1784689221.9797,214,598,0,0,42,4.57,0x0000000000000000,Not Active,Not Active,Not Active,1,1,5,16,[N/A],[N/A],[N/A]
1784689222.0801,214,598,0,0,42,4.57,0x0000000000000000,Not Active,Not Active,Not Active,1,1,5,16,[N/A],[N/A],[N/A]
1784689222.1807,214,598,0,0,42,4.57,0x0000000000000000,Not Active,Not Active,Not Active,1,1,5,16,[N/A],[N/A],[N/A]
1784689222.2815,214,598,0,0,42,4.57,0x0000000000000000,Not Active,Not Active,Not Active,1,1,5,16,[N/A],[N/A],[N/A]
1784689222.3821,214,598,0,0,42,4.57,0x0000000000000000,Not Active,Not Active,Not Active,1,1,5,16,[N/A],[N/A],[N/A]
1784689222.4826,214,598,0,0,42,4.57,0x0000000000000000,Not Active,Not Active,Not Active,1,1,5,16,[N/A],[N/A],[N/A]
1784689222.583,214,598,0,0,42,4.57,0x0000000000000000,Not Active,Not Active,Not Active,1,1,5,16,[N/A],[N/A],[N/A]
1784689222.6834,214,598,0,0,42,4.57,0x0000000000000000,Not Active,Not Active,Not Active,1,1,5,16,[N/A],[N/A],[N/A]
1784689222.7838,214,598,0,0,42,4.57,0x0000000000000000,Not Active,Not Active,Not Active,1,1,5,16,[N/A],[N/A],[N/A]
1784689222.8844,214,598,0,0,42,4.57,0x0000000000000000,Not Active,Not Active,Not Active,1,1,5,16,[N/A],[N/A],[N/A]
1784689222.9848,214,598,0,0,42,4.55,0x0000000000000000,Not Active,Not Active,Not Active,1,1,5,16,[N/A],[N/A],[N/A]
1784689223.0854,214,598,0,0,42,4.55,0x0000000000000000,Not Active,Not Active,Not Active,1,1,5,16,[N/A],[N/A],[N/A]
1784689223.1859,214,598,0,0,42,4.55,0x0000000000000000,Not Active,Not Active,Not Active,1,1,5,16,[N/A],[N/A],[N/A]
1784689223.2865,214,598,0,0,42,4.55,0x0000000000000000,Not Active,Not Active,Not Active,1,1,5,16,[N/A],[N/A],[N/A]
1784689223.3868,214,598,0,0,42,4.55,0x0000000000000000,Not Active,Not Active,Not Active,1,1,5,16,[N/A],[N/A],[N/A]
1784689223.4874,214,598,0,0,42,4.55,0x0000000000000000,Not Active,Not Active,Not Active,1,1,5,16,[N/A],[N/A],[N/A]
1784689223.588,214,598,0,0,42,4.55,0x0000000000000000,Not Active,Not Active,Not Active,1,1,5,16,[N/A],[N/A],[N/A]
1784689223.6885,214,598,0,0,42,4.55,0x0000000000000000,Not Active,Not Active,Not Active,1,1,5,16,[N/A],[N/A],[N/A]
1784689223.7887,214,598,0,0,42,4.55,0x0000000000000000,Not Active,Not Active,Not Active,1,1,5,16,[N/A],[N/A],[N/A]
1784689223.8894,214,598,0,0,42,4.55,0x0000000000000000,Not Active,Not Active,Not Active,1,1,5,16,[N/A],[N/A],[N/A]
1784689223.99,208,598,0,0,42,4.56,0x0000000000000004,Active,Not Active,Not Active,1,1,5,16,[N/A],[N/A],[N/A]
1784689224.0906,208,598,0,0,42,4.56,0x0000000000000004,Active,Not Active,Not Active,1,1,5,16,[N/A],[N/A],[N/A]
1784689224.191,208,598,0,0,42,4.56,0x0000000000000004,Active,Not Active,Not Active,1,1,5,16,[N/A],[N/A],[N/A]
1784689224.2916,208,598,0,0,42,4.56,0x0000000000000004,Active,Not Active,Not Active,1,1,5,16,[N/A],[N/A],[N/A]
1784689224.3923,208,598,0,0,42,4.56,0x0000000000000004,Active,Not Active,Not Active,1,1,5,16,[N/A],[N/A],[N/A]
1784689224.4927,208,598,0,0,42,4.56,0x0000000000000004,Active,Not Active,Not Active,1,1,5,16,[N/A],[N/A],[N/A]
1784689224.5934,208,598,0,0,42,4.56,0x0000000000000004,Active,Not Active,Not Active,1,1,5,16,[N/A],[N/A],[N/A]
1784689224.6939,208,598,0,0,42,4.56,0x0000000000000004,Active,Not Active,Not Active,1,1,5,16,[N/A],[N/A],[N/A]
1784689224.7941,208,598,0,0,42,4.56,0x0000000000000004,Active,Not Active,Not Active,1,1,5,16,[N/A],[N/A],[N/A]
1784689224.895,208,598,0,0,42,4.56,0x0000000000000004,Active,Not Active,Not Active,1,1,5,16,[N/A],[N/A],[N/A]
1784689224.9956,214,598,0,0,42,4.56,0x0000000000000000,Not Active,Not Active,Not Active,1,1,5,16,[N/A],[N/A],[N/A]
1784689225.096,214,598,0,0,42,4.56,0x0000000000000000,Not Active,Not Active,Not Active,1,1,5,16,[N/A],[N/A],[N/A]
1784689225.1966,214,598,0,0,42,4.56,0x0000000000000000,Not Active,Not Active,Not Active,1,1,5,16,[N/A],[N/A],[N/A]
1784689225.297,214,598,0,0,42,4.56,0x0000000000000000,Not Active,Not Active,Not Active,1,1,5,16,[N/A],[N/A],[N/A]
1784689225.3976,214,598,0,0,42,4.56,0x0000000000000000,Not Active,Not Active,Not Active,1,1,5,16,[N/A],[N/A],[N/A]
1784689225.4982,214,598,0,0,42,4.56,0x0000000000000000,Not Active,Not Active,Not Active,1,1,5,16,[N/A],[N/A],[N/A]
1784689225.5989,214,598,0,0,42,4.56,0x0000000000000000,Not Active,Not Active,Not Active,1,1,5,16,[N/A],[N/A],[N/A]
1784689225.6995,214,598,0,0,42,4.56,0x0000000000000000,Not Active,Not Active,Not Active,1,1,5,16,[N/A],[N/A],[N/A]
1784689225.7999,214,598,0,0,42,4.56,0x0000000000000000,Not Active,Not Active,Not Active,1,1,5,16,[N/A],[N/A],[N/A]
1784689225.9004,214,598,0,0,42,4.56,0x0000000000000000,Not Active,Not Active,Not Active,1,1,5,16,[N/A],[N/A],[N/A]
1784689226.001,208,598,0,0,42,4.55,0x0000000000000004,Active,Not Active,Not Active,1,1,5,16,[N/A],[N/A],[N/A]
1784689226.1016,208,598,0,0,42,4.55,0x0000000000000004,Active,Not Active,Not Active,1,1,5,16,[N/A],[N/A],[N/A]
1784689226.202,208,598,0,0,42,4.55,0x0000000000000004,Active,Not Active,Not Active,1,1,5,16,[N/A],[N/A],[N/A]
1784689226.3026,208,598,0,0,42,4.55,0x0000000000000004,Active,Not Active,Not Active,1,1,5,16,[N/A],[N/A],[N/A]
1784689226.4032,208,598,0,0,42,4.55,0x0000000000000004,Active,Not Active,Not Active,1,1,5,16,[N/A],[N/A],[N/A]
1784689226.5041,208,598,0,0,42,4.55,0x0000000000000004,Active,Not Active,Not Active,1,1,5,16,[N/A],[N/A],[N/A]
1784689226.6047,208,598,0,0,42,4.55,0x0000000000000004,Active,Not Active,Not Active,1,1,5,16,[N/A],[N/A],[N/A]
1784689226.7051,208,598,0,0,42,4.55,0x0000000000000004,Active,Not Active,Not Active,1,1,5,16,[N/A],[N/A],[N/A]
1784689226.8057,208,598,0,0,42,4.55,0x0000000000000004,Active,Not Active,Not Active,1,1,5,16,[N/A],[N/A],[N/A]
1784689226.9061,208,598,0,0,42,4.55,0x0000000000000004,Active,Not Active,Not Active,1,1,5,16,[N/A],[N/A],[N/A]
1784689227.0071,214,598,0,0,42,4.54,0x0000000000000000,Not Active,Not Active,Not Active,1,1,5,16,[N/A],[N/A],[N/A]
1784689227.1076,214,598,0,0,42,4.54,0x0000000000000000,Not Active,Not Active,Not Active,1,1,5,16,[N/A],[N/A],[N/A]
1784689227.2079,214,598,0,0,42,4.54,0x0000000000000000,Not Active,Not Active,Not Active,1,1,5,16,[N/A],[N/A],[N/A]
1784689227.3086,214,598,0,0,42,4.54,0x0000000000000000,Not Active,Not Active,Not Active,1,1,5,16,[N/A],[N/A],[N/A]
1784689227.4089,214,598,0,0,42,4.54,0x0000000000000000,Not Active,Not Active,Not Active,1,1,5,16,[N/A],[N/A],[N/A]
1784689227.5092,214,598,0,0,42,4.54,0x0000000000000000,Not Active,Not Active,Not Active,1,1,5,16,[N/A],[N/A],[N/A]
1784689227.6097,214,598,0,0,42,4.54,0x0000000000000000,Not Active,Not Active,Not Active,1,1,5,16,[N/A],[N/A],[N/A]
1784689227.711,214,598,0,0,42,4.54,0x0000000000000000,Not Active,Not Active,Not Active,1,1,5,16,[N/A],[N/A],[N/A]
1784689227.8116,214,598,0,0,42,4.54,0x0000000000000000,Not Active,Not Active,Not Active,1,1,5,16,[N/A],[N/A],[N/A]
1784689227.9119,214,598,0,0,42,4.54,0x0000000000000000,Not Active,Not Active,Not Active,1,1,5,16,[N/A],[N/A],[N/A]
1784689228.0124,208,598,3,0,42,4.69,0x0000000000000000,Not Active,Not Active,Not Active,1,1,5,16,[N/A],[N/A],[N/A]
1784689228.113,208,598,3,0,42,4.69,0x0000000000000000,Not Active,Not Active,Not Active,1,1,5,16,[N/A],[N/A],[N/A]
1784689228.2136,208,598,3,0,42,4.69,0x0000000000000000,Not Active,Not Active,Not Active,1,1,5,16,[N/A],[N/A],[N/A]
1784689228.3143,208,598,3,0,42,4.69,0x0000000000000000,Not Active,Not Active,Not Active,1,1,5,16,[N/A],[N/A],[N/A]
1784689228.4145,208,598,3,0,42,4.69,0x0000000000000000,Not Active,Not Active,Not Active,1,1,5,16,[N/A],[N/A],[N/A]
1784689228.5147,214,598,96,0,42,5.24,0x0000000000000000,Not Active,Not Active,Not Active,1,1,5,16,[N/A],[N/A],[N/A]
1784689228.6153,214,598,96,0,42,5.24,0x0000000000000000,Not Active,Not Active,Not Active,1,1,5,16,[N/A],[N/A],[N/A]
1784689228.7159,214,598,96,0,42,5.24,0x0000000000000000,Not Active,Not Active,Not Active,1,1,5,16,[N/A],[N/A],[N/A]
1784689228.8164,214,598,96,0,42,5.24,0x0000000000000000,Not Active,Not Active,Not Active,1,1,5,16,[N/A],[N/A],[N/A]
1784689228.9167,214,598,96,0,42,5.24,0x0000000000000000,Not Active,Not Active,Not Active,1,1,5,16,[N/A],[N/A],[N/A]
1784689229.017,214,598,96,0,42,6.67,0x0000000000000000,Not Active,Not Active,Not Active,1,1,5,16,[N/A],[N/A],[N/A]
1784689229.1172,214,598,96,0,42,6.67,0x0000000000000000,Not Active,Not Active,Not Active,1,1,5,16,[N/A],[N/A],[N/A]
1784689229.2177,214,598,96,0,42,6.67,0x0000000000000000,Not Active,Not Active,Not Active,1,1,5,16,[N/A],[N/A],[N/A]
1784689229.3184,214,598,96,0,42,6.67,0x0000000000000000,Not Active,Not Active,Not Active,1,1,5,16,[N/A],[N/A],[N/A]
1784689229.4189,214,598,96,0,42,6.67,0x0000000000000000,Not Active,Not Active,Not Active,1,1,5,16,[N/A],[N/A],[N/A]
1784689229.5192,214,598,96,0,42,6.90,0x0000000000000000,Not Active,Not Active,Not Active,1,1,5,16,[N/A],[N/A],[N/A]
1784689229.6197,214,598,96,0,42,6.90,0x0000000000000000,Not Active,Not Active,Not Active,1,1,5,16,[N/A],[N/A],[N/A]
1784689229.7203,214,598,96,0,42,6.90,0x0000000000000000,Not Active,Not Active,Not Active,1,1,5,16,[N/A],[N/A],[N/A]
1784689229.8209,214,598,96,0,42,6.90,0x0000000000000000,Not Active,Not Active,Not Active,1,1,5,16,[N/A],[N/A],[N/A]
1784689229.9214,214,598,96,0,42,6.90,0x0000000000000000,Not Active,Not Active,Not Active,1,1,5,16,[N/A],[N/A],[N/A]
1784689230.0216,214,598,96,0,42,6.89,0x0000000000000000,Not Active,Not Active,Not Active,1,1,5,16,[N/A],[N/A],[N/A]
1784689230.1223,214,598,96,0,42,6.89,0x0000000000000000,Not Active,Not Active,Not Active,1,1,5,16,[N/A],[N/A],[N/A]
1784689230.2227,214,598,96,0,42,6.89,0x0000000000000000,Not Active,Not Active,Not Active,1,1,5,16,[N/A],[N/A],[N/A]
1784689230.323,214,598,96,0,42,6.89,0x0000000000000000,Not Active,Not Active,Not Active,1,1,5,16,[N/A],[N/A],[N/A]
1784689230.4233,214,598,96,0,42,6.89,0x0000000000000000,Not Active,Not Active,Not Active,1,1,5,16,[N/A],[N/A],[N/A]
1784689230.5235,214,591,96,0,42,6.89,0x0000000000000000,Not Active,Not Active,Not Active,1,1,5,16,[N/A],[N/A],[N/A]
1784689230.6238,214,591,96,0,42,6.89,0x0000000000000000,Not Active,Not Active,Not Active,1,1,5,16,[N/A],[N/A],[N/A]
1784689230.7243,214,591,96,0,42,6.89,0x0000000000000000,Not Active,Not Active,Not Active,1,1,5,16,[N/A],[N/A],[N/A]
1784689230.8245,214,591,96,0,42,6.89,0x0000000000000000,Not Active,Not Active,Not Active,1,1,5,16,[N/A],[N/A],[N/A]
1784689230.9249,214,591,96,0,42,6.89,0x0000000000000000,Not Active,Not Active,Not Active,1,1,5,16,[N/A],[N/A],[N/A]
1784689231.0254,214,598,96,0,42,6.87,0x0000000000000000,Not Active,Not Active,Not Active,1,1,5,16,[N/A],[N/A],[N/A]
1784689231.1257,214,598,96,0,42,6.87,0x0000000000000000,Not Active,Not Active,Not Active,1,1,5,16,[N/A],[N/A],[N/A]
1784689231.2264,214,598,96,0,42,6.87,0x0000000000000000,Not Active,Not Active,Not Active,1,1,5,16,[N/A],[N/A],[N/A]
1784689231.3267,214,598,96,0,42,6.87,0x0000000000000000,Not Active,Not Active,Not Active,1,1,5,16,[N/A],[N/A],[N/A]
1784689231.427,214,598,96,0,42,6.87,0x0000000000000000,Not Active,Not Active,Not Active,1,1,5,16,[N/A],[N/A],[N/A]
1784689231.5278,214,598,96,0,42,6.87,0x0000000000000000,Not Active,Not Active,Not Active,1,1,5,16,[N/A],[N/A],[N/A]
1784689231.6281,214,598,96,0,42,6.87,0x0000000000000000,Not Active,Not Active,Not Active,1,1,5,16,[N/A],[N/A],[N/A]
1784689231.7283,214,598,96,0,42,6.87,0x0000000000000000,Not Active,Not Active,Not Active,1,1,5,16,[N/A],[N/A],[N/A]
1784689231.8287,214,598,96,0,42,6.87,0x0000000000000000,Not Active,Not Active,Not Active,1,1,5,16,[N/A],[N/A],[N/A]
1784689231.9293,214,598,96,0,42,6.87,0x0000000000000000,Not Active,Not Active,Not Active,1,1,5,16,[N/A],[N/A],[N/A]
1784689232.0298,214,598,96,0,42,6.88,0x0000000000000000,Not Active,Not Active,Not Active,1,1,5,16,[N/A],[N/A],[N/A]
1784689232.13,214,598,96,0,42,6.88,0x0000000000000000,Not Active,Not Active,Not Active,1,1,5,16,[N/A],[N/A],[N/A]
1784689232.2305,214,598,96,0,42,6.88,0x0000000000000000,Not Active,Not Active,Not Active,1,1,5,16,[N/A],[N/A],[N/A]
1784689232.3309,214,598,96,0,42,6.88,0x0000000000000000,Not Active,Not Active,Not Active,1,1,5,16,[N/A],[N/A],[N/A]
1784689232.4314,214,598,96,0,42,6.88,0x0000000000000000,Not Active,Not Active,Not Active,1,1,5,16,[N/A],[N/A],[N/A]
1784689232.5319,214,598,96,0,42,6.90,0x0000000000000000,Not Active,Not Active,Not Active,1,1,5,16,[N/A],[N/A],[N/A]
1784689232.6323,214,598,96,0,42,6.90,0x0000000000000000,Not Active,Not Active,Not Active,1,1,5,16,[N/A],[N/A],[N/A]
1784689232.7325,214,598,96,0,42,6.90,0x0000000000000000,Not Active,Not Active,Not Active,1,1,5,16,[N/A],[N/A],[N/A]
1784689232.8331,214,598,96,0,42,6.90,0x0000000000000000,Not Active,Not Active,Not Active,1,1,5,16,[N/A],[N/A],[N/A]
1784689232.9333,214,598,96,0,42,6.90,0x0000000000000000,Not Active,Not Active,Not Active,1,1,5,16,[N/A],[N/A],[N/A]
1784689233.0338,214,598,96,0,42,6.91,0x0000000000000000,Not Active,Not Active,Not Active,1,1,5,16,[N/A],[N/A],[N/A]
1784689233.1344,214,598,96,0,42,6.91,0x0000000000000000,Not Active,Not Active,Not Active,1,1,5,16,[N/A],[N/A],[N/A]
1784689233.2346,214,598,96,0,42,6.91,0x0000000000000000,Not Active,Not Active,Not Active,1,1,5,16,[N/A],[N/A],[N/A]
1784689233.3351,214,598,96,0,42,6.91,0x0000000000000000,Not Active,Not Active,Not Active,1,1,5,16,[N/A],[N/A],[N/A]
1784689233.4356,214,598,96,0,42,6.91,0x0000000000000000,Not Active,Not Active,Not Active,1,1,5,16,[N/A],[N/A],[N/A]
1784689233.5359,214,598,96,0,42,6.88,0x0000000000000000,Not Active,Not Active,Not Active,1,1,5,16,[N/A],[N/A],[N/A]
1784689233.6364,214,598,96,0,42,6.88,0x0000000000000000,Not Active,Not Active,Not Active,1,1,5,16,[N/A],[N/A],[N/A]
1784689233.7367,214,598,96,0,42,6.88,0x0000000000000000,Not Active,Not Active,Not Active,1,1,5,16,[N/A],[N/A],[N/A]
1784689233.8369,214,598,96,0,42,6.88,0x0000000000000000,Not Active,Not Active,Not Active,1,1,5,16,[N/A],[N/A],[N/A]
1784689233.9374,214,598,96,0,42,6.88,0x0000000000000000,Not Active,Not Active,Not Active,1,1,5,16,[N/A],[N/A],[N/A]
1784689234.0381,214,598,96,0,42,6.87,0x0000000000000000,Not Active,Not Active,Not Active,1,1,5,16,[N/A],[N/A],[N/A]
1784689234.1386,214,598,96,0,42,6.87,0x0000000000000000,Not Active,Not Active,Not Active,1,1,5,16,[N/A],[N/A],[N/A]
1784689234.2393,214,598,96,0,42,6.87,0x0000000000000000,Not Active,Not Active,Not Active,1,1,5,16,[N/A],[N/A],[N/A]
1784689234.3394,214,598,96,0,42,6.87,0x0000000000000000,Not Active,Not Active,Not Active,1,1,5,16,[N/A],[N/A],[N/A]
1784689234.4399,214,598,96,0,42,6.87,0x0000000000000000,Not Active,Not Active,Not Active,1,1,5,16,[N/A],[N/A],[N/A]
1784689234.5404,214,598,96,0,42,6.90,0x0000000000000000,Not Active,Not Active,Not Active,1,1,5,16,[N/A],[N/A],[N/A]
1784689234.6409,214,598,96,0,42,6.90,0x0000000000000000,Not Active,Not Active,Not Active,1,1,5,16,[N/A],[N/A],[N/A]
1784689234.7413,214,598,96,0,42,6.90,0x0000000000000000,Not Active,Not Active,Not Active,1,1,5,16,[N/A],[N/A],[N/A]
1784689234.8416,214,598,96,0,42,6.90,0x0000000000000000,Not Active,Not Active,Not Active,1,1,5,16,[N/A],[N/A],[N/A]
1784689234.9421,214,598,96,0,42,6.90,0x0000000000000000,Not Active,Not Active,Not Active,1,1,5,16,[N/A],[N/A],[N/A]
1784689235.0426,214,598,96,0,42,6.91,0x0000000000000000,Not Active,Not Active,Not Active,1,1,5,16,[N/A],[N/A],[N/A]
1784689235.1433,214,598,96,0,42,6.91,0x0000000000000000,Not Active,Not Active,Not Active,1,1,5,16,[N/A],[N/A],[N/A]
1784689235.2434,214,598,96,0,42,6.91,0x0000000000000000,Not Active,Not Active,Not Active,1,1,5,16,[N/A],[N/A],[N/A]
1784689235.3436,214,598,96,0,42,6.91,0x0000000000000000,Not Active,Not Active,Not Active,1,1,5,16,[N/A],[N/A],[N/A]
1784689235.4442,214,598,96,0,42,6.91,0x0000000000000000,Not Active,Not Active,Not Active,1,1,5,16,[N/A],[N/A],[N/A]
1784689235.5447,214,598,96,0,42,6.89,0x0000000000000000,Not Active,Not Active,Not Active,1,1,5,16,[N/A],[N/A],[N/A]
1784689235.6453,214,598,96,0,42,6.89,0x0000000000000000,Not Active,Not Active,Not Active,1,1,5,16,[N/A],[N/A],[N/A]
1784689235.7459,214,598,96,0,42,6.89,0x0000000000000000,Not Active,Not Active,Not Active,1,1,5,16,[N/A],[N/A],[N/A]
1784689235.8461,214,598,96,0,42,6.89,0x0000000000000000,Not Active,Not Active,Not Active,1,1,5,16,[N/A],[N/A],[N/A]
1784689235.9466,214,598,96,0,42,6.89,0x0000000000000000,Not Active,Not Active,Not Active,1,1,5,16,[N/A],[N/A],[N/A]
1784689236.0469,214,598,96,0,42,6.87,0x0000000000000000,Not Active,Not Active,Not Active,1,1,5,16,[N/A],[N/A],[N/A]
1784689236.1474,214,598,96,0,42,6.87,0x0000000000000000,Not Active,Not Active,Not Active,1,1,5,16,[N/A],[N/A],[N/A]
1784689236.248,214,598,96,0,42,6.87,0x0000000000000000,Not Active,Not Active,Not Active,1,1,5,16,[N/A],[N/A],[N/A]
1784689236.3482,214,598,96,0,42,6.87,0x0000000000000000,Not Active,Not Active,Not Active,1,1,5,16,[N/A],[N/A],[N/A]
1784689236.4484,214,598,96,0,42,6.87,0x0000000000000000,Not Active,Not Active,Not Active,1,1,5,16,[N/A],[N/A],[N/A]
1784689236.549,214,598,96,0,42,6.86,0x0000000000000000,Not Active,Not Active,Not Active,1,1,5,16,[N/A],[N/A],[N/A]
1784689236.6494,214,598,96,0,42,6.86,0x0000000000000000,Not Active,Not Active,Not Active,1,1,5,16,[N/A],[N/A],[N/A]
1784689236.7499,214,598,96,0,42,6.86,0x0000000000000000,Not Active,Not Active,Not Active,1,1,5,16,[N/A],[N/A],[N/A]
1784689236.8504,214,598,96,0,42,6.86,0x0000000000000000,Not Active,Not Active,Not Active,1,1,5,16,[N/A],[N/A],[N/A]
1784689236.9507,214,598,96,0,42,6.86,0x0000000000000000,Not Active,Not Active,Not Active,1,1,5,16,[N/A],[N/A],[N/A]
1784689237.0512,214,598,96,0,42,6.85,0x0000000000000000,Not Active,Not Active,Not Active,1,1,5,16,[N/A],[N/A],[N/A]
1784689237.1518,214,598,96,0,42,6.85,0x0000000000000000,Not Active,Not Active,Not Active,1,1,5,16,[N/A],[N/A],[N/A]
1784689237.252,214,598,96,0,42,6.85,0x0000000000000000,Not Active,Not Active,Not Active,1,1,5,16,[N/A],[N/A],[N/A]
1784689237.3523,214,598,96,0,42,6.85,0x0000000000000000,Not Active,Not Active,Not Active,1,1,5,16,[N/A],[N/A],[N/A]
1784689237.4526,214,598,96,0,42,6.85,0x0000000000000000,Not Active,Not Active,Not Active,1,1,5,16,[N/A],[N/A],[N/A]
1784689237.5531,214,598,96,0,42,6.86,0x0000000000000000,Not Active,Not Active,Not Active,1,1,5,16,[N/A],[N/A],[N/A]
1784689237.6536,214,598,96,0,42,6.86,0x0000000000000000,Not Active,Not Active,Not Active,1,1,5,16,[N/A],[N/A],[N/A]
1784689237.7541,214,598,96,0,42,6.86,0x0000000000000000,Not Active,Not Active,Not Active,1,1,5,16,[N/A],[N/A],[N/A]
1784689237.8546,214,598,96,0,42,6.86,0x0000000000000000,Not Active,Not Active,Not Active,1,1,5,16,[N/A],[N/A],[N/A]
1784689237.9551,214,598,96,0,42,6.86,0x0000000000000000,Not Active,Not Active,Not Active,1,1,5,16,[N/A],[N/A],[N/A]
1784689238.0556,214,598,96,0,42,6.89,0x0000000000000000,Not Active,Not Active,Not Active,1,1,5,16,[N/A],[N/A],[N/A]
1784689238.1558,214,598,96,0,42,6.89,0x0000000000000000,Not Active,Not Active,Not Active,1,1,5,16,[N/A],[N/A],[N/A]
1784689238.256,214,598,96,0,42,6.89,0x0000000000000000,Not Active,Not Active,Not Active,1,1,5,16,[N/A],[N/A],[N/A]
1784689238.3563,214,598,96,0,42,6.89,0x0000000000000000,Not Active,Not Active,Not Active,1,1,5,16,[N/A],[N/A],[N/A]
1784689238.4568,214,598,96,0,42,6.89,0x0000000000000000,Not Active,Not Active,Not Active,1,1,5,16,[N/A],[N/A],[N/A]
1784689238.557,214,598,96,0,42,6.89,0x0000000000000000,Not Active,Not Active,Not Active,1,1,5,16,[N/A],[N/A],[N/A]
1784689238.6575,214,598,96,0,42,6.89,0x0000000000000000,Not Active,Not Active,Not Active,1,1,5,16,[N/A],[N/A],[N/A]
1784689238.758,214,598,96,0,42,6.89,0x0000000000000000,Not Active,Not Active,Not Active,1,1,5,16,[N/A],[N/A],[N/A]
1784689238.8586,214,598,96,0,42,6.89,0x0000000000000000,Not Active,Not Active,Not Active,1,1,5,16,[N/A],[N/A],[N/A]
1784689238.959,214,598,96,0,42,6.89,0x0000000000000000,Not Active,Not Active,Not Active,1,1,5,16,[N/A],[N/A],[N/A]
1784689239.0593,214,598,96,0,42,6.87,0x0000000000000000,Not Active,Not Active,Not Active,1,1,5,16,[N/A],[N/A],[N/A]
1784689239.1598,214,598,96,0,42,6.87,0x0000000000000000,Not Active,Not Active,Not Active,1,1,5,16,[N/A],[N/A],[N/A]
1784689239.2601,214,598,96,0,42,6.87,0x0000000000000000,Not Active,Not Active,Not Active,1,1,5,16,[N/A],[N/A],[N/A]
1784689239.3603,214,598,96,0,42,6.87,0x0000000000000000,Not Active,Not Active,Not Active,1,1,5,16,[N/A],[N/A],[N/A]
1784689239.4606,214,598,96,0,42,6.87,0x0000000000000000,Not Active,Not Active,Not Active,1,1,5,16,[N/A],[N/A],[N/A]
1784689239.5609,214,598,96,0,42,6.86,0x0000000000000000,Not Active,Not Active,Not Active,1,1,5,16,[N/A],[N/A],[N/A]
1784689239.6612,214,598,96,0,42,6.86,0x0000000000000000,Not Active,Not Active,Not Active,1,1,5,16,[N/A],[N/A],[N/A]
1784689239.7617,214,598,96,0,42,6.86,0x0000000000000000,Not Active,Not Active,Not Active,1,1,5,16,[N/A],[N/A],[N/A]
1784689239.8622,214,598,96,0,42,6.86,0x0000000000000000,Not Active,Not Active,Not Active,1,1,5,16,[N/A],[N/A],[N/A]
1784689239.9627,214,598,96,0,42,6.86,0x0000000000000000,Not Active,Not Active,Not Active,1,1,5,16,[N/A],[N/A],[N/A]
1784689240.063,214,598,96,0,42,6.88,0x0000000000000000,Not Active,Not Active,Not Active,1,1,5,16,[N/A],[N/A],[N/A]
1784689240.1632,214,598,96,0,42,6.88,0x0000000000000000,Not Active,Not Active,Not Active,1,1,5,16,[N/A],[N/A],[N/A]
1784689240.2635,214,598,96,0,42,6.88,0x0000000000000000,Not Active,Not Active,Not Active,1,1,5,16,[N/A],[N/A],[N/A]
1784689240.3637,214,598,96,0,42,6.88,0x0000000000000000,Not Active,Not Active,Not Active,1,1,5,16,[N/A],[N/A],[N/A]
1784689240.4642,214,598,96,0,42,6.88,0x0000000000000000,Not Active,Not Active,Not Active,1,1,5,16,[N/A],[N/A],[N/A]
1784689240.5647,214,598,96,0,42,6.89,0x0000000000000000,Not Active,Not Active,Not Active,1,1,5,16,[N/A],[N/A],[N/A]
1784689240.665,214,598,96,0,42,6.89,0x0000000000000000,Not Active,Not Active,Not Active,1,1,5,16,[N/A],[N/A],[N/A]
1784689240.7655,214,598,96,0,42,6.89,0x0000000000000000,Not Active,Not Active,Not Active,1,1,5,16,[N/A],[N/A],[N/A]
1784689240.8657,214,598,96,0,42,6.89,0x0000000000000000,Not Active,Not Active,Not Active,1,1,5,16,[N/A],[N/A],[N/A]
1784689240.9662,214,598,96,0,42,6.89,0x0000000000000000,Not Active,Not Active,Not Active,1,1,5,16,[N/A],[N/A],[N/A]
1784689241.0668,214,598,96,0,42,6.89,0x0000000000000000,Not Active,Not Active,Not Active,1,1,5,16,[N/A],[N/A],[N/A]
1784689241.167,214,598,96,0,42,6.89,0x0000000000000000,Not Active,Not Active,Not Active,1,1,5,16,[N/A],[N/A],[N/A]
1784689241.2673,214,598,96,0,42,6.89,0x0000000000000000,Not Active,Not Active,Not Active,1,1,5,16,[N/A],[N/A],[N/A]
1784689241.3678,214,598,96,0,42,6.89,0x0000000000000000,Not Active,Not Active,Not Active,1,1,5,16,[N/A],[N/A],[N/A]
1784689241.4683,214,598,96,0,42,6.89,0x0000000000000000,Not Active,Not Active,Not Active,1,1,5,16,[N/A],[N/A],[N/A]
1784689241.5688,214,598,96,0,42,6.89,0x0000000000000000,Not Active,Not Active,Not Active,1,1,5,16,[N/A],[N/A],[N/A]
1784689241.6692,214,598,96,0,42,6.89,0x0000000000000000,Not Active,Not Active,Not Active,1,1,5,16,[N/A],[N/A],[N/A]
1784689241.7695,214,598,96,0,42,6.89,0x0000000000000000,Not Active,Not Active,Not Active,1,1,5,16,[N/A],[N/A],[N/A]
1784689241.87,214,598,96,0,42,6.89,0x0000000000000000,Not Active,Not Active,Not Active,1,1,5,16,[N/A],[N/A],[N/A]
1784689241.9705,214,598,96,0,42,6.89,0x0000000000000000,Not Active,Not Active,Not Active,1,1,5,16,[N/A],[N/A],[N/A]
1784689242.0707,214,598,96,0,42,6.88,0x0000000000000000,Not Active,Not Active,Not Active,1,1,5,16,[N/A],[N/A],[N/A]
1784689242.171,214,598,96,0,42,6.88,0x0000000000000000,Not Active,Not Active,Not Active,1,1,5,16,[N/A],[N/A],[N/A]
1784689242.2713,214,598,96,0,42,6.88,0x0000000000000000,Not Active,Not Active,Not Active,1,1,5,16,[N/A],[N/A],[N/A]
1784689242.3719,214,598,96,0,42,6.88,0x0000000000000000,Not Active,Not Active,Not Active,1,1,5,16,[N/A],[N/A],[N/A]
1784689242.4726,214,598,96,0,42,6.88,0x0000000000000000,Not Active,Not Active,Not Active,1,1,5,16,[N/A],[N/A],[N/A]
1784689242.5727,214,598,96,0,42,6.88,0x0000000000000000,Not Active,Not Active,Not Active,1,1,5,16,[N/A],[N/A],[N/A]
1784689242.6732,214,598,96,0,42,6.88,0x0000000000000000,Not Active,Not Active,Not Active,1,1,5,16,[N/A],[N/A],[N/A]
1784689242.7735,214,598,96,0,42,6.88,0x0000000000000000,Not Active,Not Active,Not Active,1,1,5,16,[N/A],[N/A],[N/A]
1784689242.8737,214,598,96,0,42,6.88,0x0000000000000000,Not Active,Not Active,Not Active,1,1,5,16,[N/A],[N/A],[N/A]
1784689242.9743,214,598,96,0,42,6.88,0x0000000000000000,Not Active,Not Active,Not Active,1,1,5,16,[N/A],[N/A],[N/A]
1784689243.0748,214,598,96,0,42,6.88,0x0000000000000000,Not Active,Not Active,Not Active,1,1,5,16,[N/A],[N/A],[N/A]
1784689243.1754,214,598,96,0,42,6.88,0x0000000000000000,Not Active,Not Active,Not Active,1,1,5,16,[N/A],[N/A],[N/A]
1784689243.2758,214,598,96,0,42,6.88,0x0000000000000000,Not Active,Not Active,Not Active,1,1,5,16,[N/A],[N/A],[N/A]
1784689243.376,214,598,96,0,42,6.88,0x0000000000000000,Not Active,Not Active,Not Active,1,1,5,16,[N/A],[N/A],[N/A]
1784689243.4762,214,598,96,0,42,6.89,0x0000000000000000,Not Active,Not Active,Not Active,1,1,5,16,[N/A],[N/A],[N/A]
1784689243.5767,214,598,96,0,42,6.89,0x0000000000000000,Not Active,Not Active,Not Active,1,1,5,16,[N/A],[N/A],[N/A]
1784689243.6771,214,598,96,0,42,6.89,0x0000000000000000,Not Active,Not Active,Not Active,1,1,5,16,[N/A],[N/A],[N/A]
1784689243.7776,214,598,96,0,42,6.89,0x0000000000000000,Not Active,Not Active,Not Active,1,1,5,16,[N/A],[N/A],[N/A]
1784689243.8779,214,598,96,0,42,6.89,0x0000000000000000,Not Active,Not Active,Not Active,1,1,5,16,[N/A],[N/A],[N/A]
1784689243.9782,214,598,96,0,42,6.90,0x0000000000000000,Not Active,Not Active,Not Active,1,1,5,16,[N/A],[N/A],[N/A]
1784689244.0786,214,598,96,0,42,6.90,0x0000000000000000,Not Active,Not Active,Not Active,1,1,5,16,[N/A],[N/A],[N/A]
1784689244.1791,214,598,96,0,42,6.90,0x0000000000000000,Not Active,Not Active,Not Active,1,1,5,16,[N/A],[N/A],[N/A]
1784689244.2796,214,598,96,0,42,6.90,0x0000000000000000,Not Active,Not Active,Not Active,1,1,5,16,[N/A],[N/A],[N/A]
1784689244.3799,214,598,96,0,42,6.90,0x0000000000000000,Not Active,Not Active,Not Active,1,1,5,16,[N/A],[N/A],[N/A]
1784689244.4804,214,598,96,0,42,6.89,0x0000000000000000,Not Active,Not Active,Not Active,1,1,5,16,[N/A],[N/A],[N/A]
1784689244.5805,214,598,96,0,42,6.89,0x0000000000000000,Not Active,Not Active,Not Active,1,1,5,16,[N/A],[N/A],[N/A]
1784689244.6811,214,598,96,0,42,6.89,0x0000000000000000,Not Active,Not Active,Not Active,1,1,5,16,[N/A],[N/A],[N/A]
1784689244.7816,214,598,96,0,42,6.89,0x0000000000000000,Not Active,Not Active,Not Active,1,1,5,16,[N/A],[N/A],[N/A]
1784689244.8817,214,598,96,0,42,6.89,0x0000000000000000,Not Active,Not Active,Not Active,1,1,5,16,[N/A],[N/A],[N/A]
1784689244.982,214,598,96,0,42,6.88,0x0000000000000000,Not Active,Not Active,Not Active,1,1,5,16,[N/A],[N/A],[N/A]
1784689245.0825,214,598,96,0,42,6.88,0x0000000000000000,Not Active,Not Active,Not Active,1,1,5,16,[N/A],[N/A],[N/A]
1784689245.183,214,598,96,0,42,6.88,0x0000000000000000,Not Active,Not Active,Not Active,1,1,5,16,[N/A],[N/A],[N/A]
1784689245.2836,214,598,96,0,42,6.88,0x0000000000000000,Not Active,Not Active,Not Active,1,1,5,16,[N/A],[N/A],[N/A]
1784689245.3839,214,598,96,0,42,6.88,0x0000000000000000,Not Active,Not Active,Not Active,1,1,5,16,[N/A],[N/A],[N/A]
1784689245.4842,214,598,96,0,42,6.88,0x0000000000000000,Not Active,Not Active,Not Active,1,1,5,16,[N/A],[N/A],[N/A]
1784689245.5847,214,598,96,0,42,6.88,0x0000000000000000,Not Active,Not Active,Not Active,1,1,5,16,[N/A],[N/A],[N/A]
1784689245.6849,214,598,96,0,42,6.88,0x0000000000000000,Not Active,Not Active,Not Active,1,1,5,16,[N/A],[N/A],[N/A]
1784689245.7855,214,598,96,0,42,6.88,0x0000000000000000,Not Active,Not Active,Not Active,1,1,5,16,[N/A],[N/A],[N/A]
1784689245.8859,214,598,96,0,42,6.88,0x0000000000000000,Not Active,Not Active,Not Active,1,1,5,16,[N/A],[N/A],[N/A]
1784689245.9861,214,598,96,0,42,6.91,0x0000000000000000,Not Active,Not Active,Not Active,1,1,5,16,[N/A],[N/A],[N/A]
1784689246.0863,214,598,96,0,42,6.91,0x0000000000000000,Not Active,Not Active,Not Active,1,1,5,16,[N/A],[N/A],[N/A]
1784689246.1869,214,598,96,0,42,6.91,0x0000000000000000,Not Active,Not Active,Not Active,1,1,5,16,[N/A],[N/A],[N/A]
1784689246.2874,214,598,96,0,42,6.91,0x0000000000000000,Not Active,Not Active,Not Active,1,1,5,16,[N/A],[N/A],[N/A]
1784689246.3879,214,598,96,0,42,6.91,0x0000000000000000,Not Active,Not Active,Not Active,1,1,5,16,[N/A],[N/A],[N/A]
1784689246.4883,214,598,96,0,42,6.91,0x0000000000000000,Not Active,Not Active,Not Active,1,1,5,16,[N/A],[N/A],[N/A]
1784689246.5884,214,598,96,0,42,6.91,0x0000000000000000,Not Active,Not Active,Not Active,1,1,5,16,[N/A],[N/A],[N/A]
1784689246.6889,214,598,96,0,42,6.91,0x0000000000000000,Not Active,Not Active,Not Active,1,1,5,16,[N/A],[N/A],[N/A]
1784689246.7892,214,598,96,0,42,6.91,0x0000000000000000,Not Active,Not Active,Not Active,1,1,5,16,[N/A],[N/A],[N/A]
1784689246.8897,214,598,96,0,42,6.91,0x0000000000000000,Not Active,Not Active,Not Active,1,1,5,16,[N/A],[N/A],[N/A]
1784689246.9902,208,598,96,0,42,6.90,0x0000000000000000,Not Active,Not Active,Not Active,1,1,5,16,[N/A],[N/A],[N/A]
1784689247.0905,208,598,96,0,42,6.90,0x0000000000000000,Not Active,Not Active,Not Active,1,1,5,16,[N/A],[N/A],[N/A]
1784689247.1909,208,598,96,0,42,6.90,0x0000000000000000,Not Active,Not Active,Not Active,1,1,5,16,[N/A],[N/A],[N/A]
1784689247.2914,208,598,96,0,42,6.90,0x0000000000000000,Not Active,Not Active,Not Active,1,1,5,16,[N/A],[N/A],[N/A]
1784689247.3917,208,598,96,0,42,6.90,0x0000000000000000,Not Active,Not Active,Not Active,1,1,5,16,[N/A],[N/A],[N/A]
1784689247.4919,214,598,96,0,42,6.90,0x0000000000000000,Not Active,Not Active,Not Active,1,1,5,16,[N/A],[N/A],[N/A]
1784689247.5921,214,598,96,0,42,6.90,0x0000000000000000,Not Active,Not Active,Not Active,1,1,5,16,[N/A],[N/A],[N/A]
1784689247.6926,214,598,96,0,42,6.90,0x0000000000000000,Not Active,Not Active,Not Active,1,1,5,16,[N/A],[N/A],[N/A]
1784689247.7929,214,598,96,0,42,6.90,0x0000000000000000,Not Active,Not Active,Not Active,1,1,5,16,[N/A],[N/A],[N/A]
1784689247.893,214,598,96,0,42,6.90,0x0000000000000000,Not Active,Not Active,Not Active,1,1,5,16,[N/A],[N/A],[N/A]
1784689247.9933,214,598,96,0,42,6.89,0x0000000000000000,Not Active,Not Active,Not Active,1,1,5,16,[N/A],[N/A],[N/A]
1784689248.0935,214,598,96,0,42,6.89,0x0000000000000000,Not Active,Not Active,Not Active,1,1,5,16,[N/A],[N/A],[N/A]
1784689248.1938,214,598,96,0,42,6.89,0x0000000000000000,Not Active,Not Active,Not Active,1,1,5,16,[N/A],[N/A],[N/A]
1784689248.2939,214,598,96,0,42,6.89,0x0000000000000000,Not Active,Not Active,Not Active,1,1,5,16,[N/A],[N/A],[N/A]
1784689248.3944,214,598,96,0,42,6.89,0x0000000000000000,Not Active,Not Active,Not Active,1,1,5,16,[N/A],[N/A],[N/A]
1784689248.4949,214,598,96,0,42,6.89,0x0000000000000000,Not Active,Not Active,Not Active,1,1,5,16,[N/A],[N/A],[N/A]
1784689248.5955,214,598,96,0,42,6.89,0x0000000000000000,Not Active,Not Active,Not Active,1,1,5,16,[N/A],[N/A],[N/A]
1784689248.6955,214,598,96,0,42,6.89,0x0000000000000000,Not Active,Not Active,Not Active,1,1,5,16,[N/A],[N/A],[N/A]
1784689248.796,214,598,96,0,42,6.89,0x0000000000000000,Not Active,Not Active,Not Active,1,1,5,16,[N/A],[N/A],[N/A]
1784689248.8963,214,598,96,0,42,6.89,0x0000000000000000,Not Active,Not Active,Not Active,1,1,5,16,[N/A],[N/A],[N/A]
1784689248.9965,214,598,96,0,42,6.88,0x0000000000000000,Not Active,Not Active,Not Active,1,1,5,16,[N/A],[N/A],[N/A]
1784689249.0967,214,598,96,0,42,6.88,0x0000000000000000,Not Active,Not Active,Not Active,1,1,5,16,[N/A],[N/A],[N/A]
1784689249.197,214,598,96,0,42,6.88,0x0000000000000000,Not Active,Not Active,Not Active,1,1,5,16,[N/A],[N/A],[N/A]
1784689249.2972,214,598,96,0,42,6.88,0x0000000000000000,Not Active,Not Active,Not Active,1,1,5,16,[N/A],[N/A],[N/A]
1784689249.3975,214,598,96,0,42,6.88,0x0000000000000000,Not Active,Not Active,Not Active,1,1,5,16,[N/A],[N/A],[N/A]
1784689249.4977,214,598,96,0,42,6.88,0x0000000000000000,Not Active,Not Active,Not Active,1,1,5,16,[N/A],[N/A],[N/A]
1784689249.5982,214,598,96,0,42,6.88,0x0000000000000000,Not Active,Not Active,Not Active,1,1,5,16,[N/A],[N/A],[N/A]
1784689249.6985,214,598,96,0,42,6.88,0x0000000000000000,Not Active,Not Active,Not Active,1,1,5,16,[N/A],[N/A],[N/A]
1784689249.7987,214,598,96,0,42,6.88,0x0000000000000000,Not Active,Not Active,Not Active,1,1,5,16,[N/A],[N/A],[N/A]
1784689249.8989,214,598,96,0,42,6.88,0x0000000000000000,Not Active,Not Active,Not Active,1,1,5,16,[N/A],[N/A],[N/A]
1784689249.9994,214,598,96,0,42,6.89,0x0000000000000000,Not Active,Not Active,Not Active,1,1,5,16,[N/A],[N/A],[N/A]
1784689250.0999,214,598,96,0,42,6.89,0x0000000000000000,Not Active,Not Active,Not Active,1,1,5,16,[N/A],[N/A],[N/A]
1784689250.2004,214,598,96,0,42,6.89,0x0000000000000000,Not Active,Not Active,Not Active,1,1,5,16,[N/A],[N/A],[N/A]
1784689250.3005,214,598,96,0,42,6.89,0x0000000000000000,Not Active,Not Active,Not Active,1,1,5,16,[N/A],[N/A],[N/A]
1784689250.401,214,598,96,0,42,6.89,0x0000000000000000,Not Active,Not Active,Not Active,1,1,5,16,[N/A],[N/A],[N/A]
1784689250.5016,214,598,96,0,42,6.93,0x0000000000000000,Not Active,Not Active,Not Active,1,1,5,16,[N/A],[N/A],[N/A]
1784689250.6021,214,598,96,0,42,6.93,0x0000000000000000,Not Active,Not Active,Not Active,1,1,5,16,[N/A],[N/A],[N/A]
1784689250.7027,214,598,96,0,42,6.93,0x0000000000000000,Not Active,Not Active,Not Active,1,1,5,16,[N/A],[N/A],[N/A]
1784689250.8028,214,598,96,0,42,6.93,0x0000000000000000,Not Active,Not Active,Not Active,1,1,5,16,[N/A],[N/A],[N/A]
1784689250.9031,214,598,96,0,42,6.93,0x0000000000000000,Not Active,Not Active,Not Active,1,1,5,16,[N/A],[N/A],[N/A]
1784689251.0032,214,598,96,0,42,6.95,0x0000000000000000,Not Active,Not Active,Not Active,1,1,5,16,[N/A],[N/A],[N/A]
1784689251.1038,214,598,96,0,42,6.95,0x0000000000000000,Not Active,Not Active,Not Active,1,1,5,16,[N/A],[N/A],[N/A]
1784689251.2042,214,598,96,0,42,6.95,0x0000000000000000,Not Active,Not Active,Not Active,1,1,5,16,[N/A],[N/A],[N/A]
1784689251.3046,214,598,96,0,42,6.95,0x0000000000000000,Not Active,Not Active,Not Active,1,1,5,16,[N/A],[N/A],[N/A]
1784689251.4048,214,598,96,0,42,6.95,0x0000000000000000,Not Active,Not Active,Not Active,1,1,5,16,[N/A],[N/A],[N/A]
1784689251.5055,214,598,45,0,42,6.75,0x0000000000000000,Not Active,Not Active,Not Active,1,1,5,16,[N/A],[N/A],[N/A]
1784689251.606,214,598,45,0,42,6.75,0x0000000000000000,Not Active,Not Active,Not Active,1,1,5,16,[N/A],[N/A],[N/A]
1784689251.7068,214,598,45,0,42,6.75,0x0000000000000000,Not Active,Not Active,Not Active,1,1,5,16,[N/A],[N/A],[N/A]
1784689251.8073,214,598,45,0,42,6.75,0x0000000000000000,Not Active,Not Active,Not Active,1,1,5,16,[N/A],[N/A],[N/A]
1784689251.9078,214,598,45,0,42,6.75,0x0000000000000000,Not Active,Not Active,Not Active,1,1,5,16,[N/A],[N/A],[N/A]
1784689252.0082,214,598,0,0,42,5.80,0x0000000000000000,Not Active,Not Active,Not Active,1,1,5,16,[N/A],[N/A],[N/A]
1784689252.1089,214,598,0,0,42,5.80,0x0000000000000000,Not Active,Not Active,Not Active,1,1,5,16,[N/A],[N/A],[N/A]
1784689252.2092,214,598,0,0,42,5.80,0x0000000000000000,Not Active,Not Active,Not Active,1,1,5,16,[N/A],[N/A],[N/A]
1784689252.31,214,598,0,0,42,5.80,0x0000000000000000,Not Active,Not Active,Not Active,1,1,5,16,[N/A],[N/A],[N/A]
1784689252.4103,214,598,0,0,42,5.80,0x0000000000000000,Not Active,Not Active,Not Active,1,1,5,16,[N/A],[N/A],[N/A]
1784689252.511,214,598,0,0,42,5.06,0x0000000000000000,Not Active,Not Active,Not Active,1,1,5,16,[N/A],[N/A],[N/A]
1784689252.6114,214,598,0,0,42,5.06,0x0000000000000000,Not Active,Not Active,Not Active,1,1,5,16,[N/A],[N/A],[N/A]
1784689252.7118,214,598,0,0,42,5.06,0x0000000000000000,Not Active,Not Active,Not Active,1,1,5,16,[N/A],[N/A],[N/A]
1784689252.8125,214,598,0,0,42,5.06,0x0000000000000000,Not Active,Not Active,Not Active,1,1,5,16,[N/A],[N/A],[N/A]
1784689252.9128,214,598,0,0,42,5.06,0x0000000000000000,Not Active,Not Active,Not Active,1,1,5,16,[N/A],[N/A],[N/A]
1784689253.0134,214,598,0,0,42,5.04,0x0000000000000000,Not Active,Not Active,Not Active,1,1,5,16,[N/A],[N/A],[N/A]
1784689253.1138,214,598,0,0,42,5.04,0x0000000000000000,Not Active,Not Active,Not Active,1,1,5,16,[N/A],[N/A],[N/A]
1784689253.2144,214,598,0,0,42,5.04,0x0000000000000000,Not Active,Not Active,Not Active,1,1,5,16,[N/A],[N/A],[N/A]
1784689253.3148,214,598,0,0,42,5.04,0x0000000000000000,Not Active,Not Active,Not Active,1,1,5,16,[N/A],[N/A],[N/A]
1784689253.4151,214,598,0,0,42,5.04,0x0000000000000000,Not Active,Not Active,Not Active,1,1,5,16,[N/A],[N/A],[N/A]
1784689253.5159,214,598,0,0,42,5.01,0x0000000000000000,Not Active,Not Active,Not Active,1,1,5,16,[N/A],[N/A],[N/A]
1784689253.6165,214,598,0,0,42,5.01,0x0000000000000000,Not Active,Not Active,Not Active,1,1,5,16,[N/A],[N/A],[N/A]
1784689253.7171,214,598,0,0,42,5.01,0x0000000000000000,Not Active,Not Active,Not Active,1,1,5,16,[N/A],[N/A],[N/A]
1784689253.8174,214,598,0,0,42,5.01,0x0000000000000000,Not Active,Not Active,Not Active,1,1,5,16,[N/A],[N/A],[N/A]
1784689253.9179,214,598,0,0,42,5.01,0x0000000000000000,Not Active,Not Active,Not Active,1,1,5,16,[N/A],[N/A],[N/A]
1784689254.0183,214,598,0,0,42,5.01,0x0000000000000000,Not Active,Not Active,Not Active,1,1,5,16,[N/A],[N/A],[N/A]
1784689254.1187,214,598,0,0,42,5.01,0x0000000000000000,Not Active,Not Active,Not Active,1,1,5,16,[N/A],[N/A],[N/A]
1784689254.2193,214,598,0,0,42,5.01,0x0000000000000000,Not Active,Not Active,Not Active,1,1,5,16,[N/A],[N/A],[N/A]
1784689254.32,214,598,0,0,42,5.01,0x0000000000000000,Not Active,Not Active,Not Active,1,1,5,16,[N/A],[N/A],[N/A]
1784689254.4206,214,598,0,0,42,5.01,0x0000000000000000,Not Active,Not Active,Not Active,1,1,5,16,[N/A],[N/A],[N/A]
1784689254.521,214,598,0,0,42,5.01,0x0000000000000000,Not Active,Not Active,Not Active,1,1,5,16,[N/A],[N/A],[N/A]
1784689254.6217,214,598,0,0,42,5.01,0x0000000000000000,Not Active,Not Active,Not Active,1,1,5,16,[N/A],[N/A],[N/A]
1784689254.7223,214,598,0,0,42,5.01,0x0000000000000000,Not Active,Not Active,Not Active,1,1,5,16,[N/A],[N/A],[N/A]
1784689254.8229,214,598,0,0,42,5.01,0x0000000000000000,Not Active,Not Active,Not Active,1,1,5,16,[N/A],[N/A],[N/A]
1784689254.9235,214,598,0,0,42,5.01,0x0000000000000000,Not Active,Not Active,Not Active,1,1,5,16,[N/A],[N/A],[N/A]
1784689255.0239,214,598,0,0,42,4.56,0x0000000000000000,Not Active,Not Active,Not Active,1,1,5,16,[N/A],[N/A],[N/A]
1784689255.1244,214,598,0,0,42,4.56,0x0000000000000000,Not Active,Not Active,Not Active,1,1,5,16,[N/A],[N/A],[N/A]
1784689255.2251,214,598,0,0,42,4.56,0x0000000000000000,Not Active,Not Active,Not Active,1,1,5,16,[N/A],[N/A],[N/A]
1784689255.3257,214,598,0,0,42,4.56,0x0000000000000000,Not Active,Not Active,Not Active,1,1,5,16,[N/A],[N/A],[N/A]
1784689255.4263,214,598,0,0,42,4.56,0x0000000000000000,Not Active,Not Active,Not Active,1,1,5,16,[N/A],[N/A],[N/A]
1784689255.5269,214,598,0,0,42,4.56,0x0000000000000000,Not Active,Not Active,Not Active,1,1,5,16,[N/A],[N/A],[N/A]
1784689255.6272,214,598,0,0,42,4.56,0x0000000000000000,Not Active,Not Active,Not Active,1,1,5,16,[N/A],[N/A],[N/A]
1784689255.7276,214,598,0,0,42,4.56,0x0000000000000000,Not Active,Not Active,Not Active,1,1,5,16,[N/A],[N/A],[N/A]
1784689255.8282,214,598,0,0,42,4.56,0x0000000000000000,Not Active,Not Active,Not Active,1,1,5,16,[N/A],[N/A],[N/A]
1784689255.9285,214,598,0,0,42,4.56,0x0000000000000000,Not Active,Not Active,Not Active,1,1,5,16,[N/A],[N/A],[N/A]
1784689256.0291,208,598,0,0,42,4.57,0x0000000000000004,Active,Not Active,Not Active,1,1,5,16,[N/A],[N/A],[N/A]
1784689256.1295,208,598,0,0,42,4.57,0x0000000000000004,Active,Not Active,Not Active,1,1,5,16,[N/A],[N/A],[N/A]
1784689256.2297,208,598,0,0,42,4.57,0x0000000000000004,Active,Not Active,Not Active,1,1,5,16,[N/A],[N/A],[N/A]
1784689256.33,208,598,0,0,42,4.57,0x0000000000000004,Active,Not Active,Not Active,1,1,5,16,[N/A],[N/A],[N/A]
1784689256.4305,208,598,0,0,42,4.57,0x0000000000000004,Active,Not Active,Not Active,1,1,5,16,[N/A],[N/A],[N/A]
1784689256.5312,208,598,0,0,42,4.57,0x0000000000000004,Active,Not Active,Not Active,1,1,5,16,[N/A],[N/A],[N/A]
1784689256.6317,208,598,0,0,42,4.57,0x0000000000000004,Active,Not Active,Not Active,1,1,5,16,[N/A],[N/A],[N/A]
1784689256.732,208,598,0,0,42,4.57,0x0000000000000004,Active,Not Active,Not Active,1,1,5,16,[N/A],[N/A],[N/A]
1784689256.8327,208,598,0,0,42,4.57,0x0000000000000004,Active,Not Active,Not Active,1,1,5,16,[N/A],[N/A],[N/A]
1784689256.9339,208,598,0,0,42,4.57,0x0000000000000004,Active,Not Active,Not Active,1,1,5,16,[N/A],[N/A],[N/A]
1784689257.0339,214,598,0,0,42,4.59,0x0000000000000000,Not Active,Not Active,Not Active,1,1,5,16,[N/A],[N/A],[N/A]
1784689257.1345,214,598,0,0,42,4.59,0x0000000000000000,Not Active,Not Active,Not Active,1,1,5,16,[N/A],[N/A],[N/A]
1784689257.235,214,598,0,0,42,4.59,0x0000000000000000,Not Active,Not Active,Not Active,1,1,5,16,[N/A],[N/A],[N/A]
1784689257.3356,214,598,0,0,42,4.59,0x0000000000000000,Not Active,Not Active,Not Active,1,1,5,16,[N/A],[N/A],[N/A]
1784689257.4366,214,598,0,0,42,4.59,0x0000000000000000,Not Active,Not Active,Not Active,1,1,5,16,[N/A],[N/A],[N/A]
1784689257.537,208,598,0,0,42,4.61,0x0000000000000004,Active,Not Active,Not Active,1,1,5,16,[N/A],[N/A],[N/A]
1784689257.6376,208,598,0,0,42,4.61,0x0000000000000004,Active,Not Active,Not Active,1,1,5,16,[N/A],[N/A],[N/A]
1784689257.738,208,598,0,0,42,4.61,0x0000000000000004,Active,Not Active,Not Active,1,1,5,16,[N/A],[N/A],[N/A]
1784689257.8388,208,598,0,0,42,4.61,0x0000000000000004,Active,Not Active,Not Active,1,1,5,16,[N/A],[N/A],[N/A]
1784689257.9393,208,598,0,0,42,4.61,0x0000000000000004,Active,Not Active,Not Active,1,1,5,16,[N/A],[N/A],[N/A]
1784689258.04,208,598,0,0,42,4.61,0x0000000000000004,Active,Not Active,Not Active,1,1,5,16,[N/A],[N/A],[N/A]
1784689258.1406,208,598,0,0,42,4.61,0x0000000000000004,Active,Not Active,Not Active,1,1,5,16,[N/A],[N/A],[N/A]
1784689258.2408,208,598,0,0,42,4.61,0x0000000000000004,Active,Not Active,Not Active,1,1,5,16,[N/A],[N/A],[N/A]
1784689258.3415,208,598,0,0,42,4.61,0x0000000000000004,Active,Not Active,Not Active,1,1,5,16,[N/A],[N/A],[N/A]
1784689258.4417,208,598,0,0,42,4.61,0x0000000000000004,Active,Not Active,Not Active,1,1,5,16,[N/A],[N/A],[N/A]
1784689258.5424,208,598,0,0,42,4.61,0x0000000000000004,Active,Not Active,Not Active,1,1,5,16,[N/A],[N/A],[N/A]
1784689258.6431,208,598,0,0,42,4.61,0x0000000000000004,Active,Not Active,Not Active,1,1,5,16,[N/A],[N/A],[N/A]
1784689258.7435,208,598,0,0,42,4.61,0x0000000000000004,Active,Not Active,Not Active,1,1,5,16,[N/A],[N/A],[N/A]
1784689258.8441,208,598,0,0,42,4.61,0x0000000000000004,Active,Not Active,Not Active,1,1,5,16,[N/A],[N/A],[N/A]
1784689258.9445,208,598,0,0,42,4.61,0x0000000000000004,Active,Not Active,Not Active,1,1,5,16,[N/A],[N/A],[N/A]
1784689259.0448,214,598,0,0,42,4.53,0x0000000000000000,Not Active,Not Active,Not Active,1,1,5,16,[N/A],[N/A],[N/A]
1784689259.1455,214,598,0,0,42,4.53,0x0000000000000000,Not Active,Not Active,Not Active,1,1,5,16,[N/A],[N/A],[N/A]
1784689259.2462,214,598,0,0,42,4.53,0x0000000000000000,Not Active,Not Active,Not Active,1,1,5,16,[N/A],[N/A],[N/A]
1784689259.3465,214,598,0,0,42,4.53,0x0000000000000000,Not Active,Not Active,Not Active,1,1,5,16,[N/A],[N/A],[N/A]
1784689259.4476,214,598,0,0,42,4.53,0x0000000000000000,Not Active,Not Active,Not Active,1,1,5,16,[N/A],[N/A],[N/A]
1784689259.5482,214,598,0,0,42,4.53,0x0000000000000000,Not Active,Not Active,Not Active,1,1,5,16,[N/A],[N/A],[N/A]
1784689259.6488,214,598,0,0,42,4.53,0x0000000000000000,Not Active,Not Active,Not Active,1,1,5,16,[N/A],[N/A],[N/A]
1784689259.7494,214,598,0,0,42,4.53,0x0000000000000000,Not Active,Not Active,Not Active,1,1,5,16,[N/A],[N/A],[N/A]
1784689259.8498,214,598,0,0,42,4.53,0x0000000000000000,Not Active,Not Active,Not Active,1,1,5,16,[N/A],[N/A],[N/A]
1784689259.9502,214,598,0,0,42,4.53,0x0000000000000000,Not Active,Not Active,Not Active,1,1,5,16,[N/A],[N/A],[N/A]
