timestamp_unix,sm_clock_mhz,video_clock_mhz,sm_active_pct,dram_active_pct,gpu_temp_c,power_draw_w,throttle_active_mask,throttle_sw_power_cap,throttle_hw_thermal,throttle_gpu_idle,pcie_gen,pcie_width,pcie_gen_max,pcie_width_max,gpu_mem_total_bytes,gpu_mem_used_bytes,gpu_mem_free_bytes
1784587093.9015,208,598,0,0,52,5.01,0x0000000000000000,Not Active,Not Active,Not Active,1,1,5,16,[N/A],[N/A],[N/A]
1784587094.0032,208,598,0,0,52,5.01,0x0000000000000000,Not Active,Not Active,Not Active,1,1,5,16,[N/A],[N/A],[N/A]
1784587094.1042,208,598,0,0,52,5.01,0x0000000000000000,Not Active,Not Active,Not Active,1,1,5,16,[N/A],[N/A],[N/A]
1784587094.2045,208,598,0,0,52,5.01,0x0000000000000000,Not Active,Not Active,Not Active,1,1,5,16,[N/A],[N/A],[N/A]
1784587094.305,208,598,0,0,52,5.01,0x0000000000000000,Not Active,Not Active,Not Active,1,1,5,16,[N/A],[N/A],[N/A]
1784587094.4054,208,598,0,0,52,5.01,0x0000000000000000,Not Active,Not Active,Not Active,1,1,5,16,[N/A],[N/A],[N/A]
1784587094.5059,208,598,0,0,52,5.01,0x0000000000000000,Not Active,Not Active,Not Active,1,1,5,16,[N/A],[N/A],[N/A]
1784587094.6064,208,598,0,0,52,5.01,0x0000000000000000,Not Active,Not Active,Not Active,1,1,5,16,[N/A],[N/A],[N/A]
1784587094.7071,1430,1436,28,0,62,16.55,0x0000000000000000,Not Active,Not Active,Not Active,1,1,5,16,[N/A],[N/A],[N/A]
1784587094.8073,1430,1436,28,0,62,16.55,0x0000000000000000,Not Active,Not Active,Not Active,1,1,5,16,[N/A],[N/A],[N/A]
1784587094.9079,1430,1436,28,0,62,16.55,0x0000000000000000,Not Active,Not Active,Not Active,1,1,5,16,[N/A],[N/A],[N/A]
1784587095.0084,1430,1436,28,0,62,16.55,0x0000000000000000,Not Active,Not Active,Not Active,1,1,5,16,[N/A],[N/A],[N/A]
1784587095.1088,1430,1436,28,0,62,16.55,0x0000000000000000,Not Active,Not Active,Not Active,1,1,5,16,[N/A],[N/A],[N/A]
1784587095.2095,2431,2125,96,0,70,39.82,0x0000000000000000,Not Active,Not Active,Not Active,1,1,5,16,[N/A],[N/A],[N/A]
1784587095.3095,2431,2125,96,0,70,39.82,0x0000000000000000,Not Active,Not Active,Not Active,1,1,5,16,[N/A],[N/A],[N/A]
1784587095.4101,2431,2125,96,0,70,39.82,0x0000000000000000,Not Active,Not Active,Not Active,1,1,5,16,[N/A],[N/A],[N/A]
1784587095.5106,2431,2125,96,0,70,39.82,0x0000000000000000,Not Active,Not Active,Not Active,1,1,5,16,[N/A],[N/A],[N/A]
1784587095.6111,2431,2125,96,0,70,39.82,0x0000000000000000,Not Active,Not Active,Not Active,1,1,5,16,[N/A],[N/A],[N/A]
1784587095.7113,2223,1937,96,0,66,97.01,0x0000000000000000,Not Active,Not Active,Not Active,1,1,5,16,[N/A],[N/A],[N/A]
1784587095.8115,2223,1937,96,0,66,97.01,0x0000000000000000,Not Active,Not Active,Not Active,1,1,5,16,[N/A],[N/A],[N/A]
1784587095.9117,2223,1937,96,0,66,97.01,0x0000000000000000,Not Active,Not Active,Not Active,1,1,5,16,[N/A],[N/A],[N/A]
1784587096.012,2223,1937,96,0,66,97.01,0x0000000000000000,Not Active,Not Active,Not Active,1,1,5,16,[N/A],[N/A],[N/A]
1784587096.1125,2223,1937,96,0,66,97.01,0x0000000000000000,Not Active,Not Active,Not Active,1,1,5,16,[N/A],[N/A],[N/A]
1784587096.213,2418,2119,96,0,72,96.36,0x0000000000000000,Not Active,Not Active,Not Active,1,1,5,16,[N/A],[N/A],[N/A]
1784587096.3136,2418,2119,96,0,72,96.36,0x0000000000000000,Not Active,Not Active,Not Active,1,1,5,16,[N/A],[N/A],[N/A]
1784587096.4137,2418,2119,96,0,72,96.36,0x0000000000000000,Not Active,Not Active,Not Active,1,1,5,16,[N/A],[N/A],[N/A]
1784587096.5143,2418,2119,96,0,72,96.36,0x0000000000000000,Not Active,Not Active,Not Active,1,1,5,16,[N/A],[N/A],[N/A]
1784587096.6148,2418,2119,96,0,72,96.36,0x0000000000000000,Not Active,Not Active,Not Active,1,1,5,16,[N/A],[N/A],[N/A]
1784587096.7155,2418,2119,96,0,73,99.50,0x0000000000000000,Not Active,Not Active,Not Active,1,1,5,16,[N/A],[N/A],[N/A]
1784587096.8158,2418,2119,96,0,73,99.50,0x0000000000000000,Not Active,Not Active,Not Active,1,1,5,16,[N/A],[N/A],[N/A]
1784587096.916,2418,2119,96,0,73,99.50,0x0000000000000000,Not Active,Not Active,Not Active,1,1,5,16,[N/A],[N/A],[N/A]
1784587097.0165,2418,2119,96,0,73,99.50,0x0000000000000000,Not Active,Not Active,Not Active,1,1,5,16,[N/A],[N/A],[N/A]
1784587097.1168,2418,2119,96,0,73,99.50,0x0000000000000000,Not Active,Not Active,Not Active,1,1,5,16,[N/A],[N/A],[N/A]
1784587097.2175,2418,2119,96,0,72,98.84,0x0000000000000000,Not Active,Not Active,Not Active,1,1,5,16,[N/A],[N/A],[N/A]
1784587097.3179,2418,2119,96,0,72,98.84,0x0000000000000000,Not Active,Not Active,Not Active,1,1,5,16,[N/A],[N/A],[N/A]
1784587097.4181,2418,2119,96,0,72,98.84,0x0000000000000000,Not Active,Not Active,Not Active,1,1,5,16,[N/A],[N/A],[N/A]
1784587097.5183,2418,2119,96,0,72,98.84,0x0000000000000000,Not Active,Not Active,Not Active,1,1,5,16,[N/A],[N/A],[N/A]
1784587097.6189,2418,2119,96,0,72,98.84,0x0000000000000000,Not Active,Not Active,Not Active,1,1,5,16,[N/A],[N/A],[N/A]
1784587097.7194,2418,2119,96,0,72,98.84,0x0000000000000000,Not Active,Not Active,Not Active,1,1,5,16,[N/A],[N/A],[N/A]
1784587097.8197,2418,2119,96,0,72,98.84,0x0000000000000000,Not Active,Not Active,Not Active,1,1,5,16,[N/A],[N/A],[N/A]
1784587097.92,2418,2119,96,0,72,98.84,0x0000000000000000,Not Active,Not Active,Not Active,1,1,5,16,[N/A],[N/A],[N/A]
1784587098.0203,2418,2119,96,0,72,98.84,0x0000000000000000,Not Active,Not Active,Not Active,1,1,5,16,[N/A],[N/A],[N/A]
1784587098.1207,2418,2119,96,0,72,98.84,0x0000000000000000,Not Active,Not Active,Not Active,1,1,5,16,[N/A],[N/A],[N/A]
1784587098.2215,2418,2119,96,0,72,99.29,0x0000000000000004,Active,Not Active,Not Active,1,1,5,16,[N/A],[N/A],[N/A]
1784587098.3219,2418,2119,96,0,72,99.29,0x0000000000000004,Active,Not Active,Not Active,1,1,5,16,[N/A],[N/A],[N/A]
1784587098.4223,2418,2119,96,0,72,99.29,0x0000000000000004,Active,Not Active,Not Active,1,1,5,16,[N/A],[N/A],[N/A]
1784587098.522,2418,2119,96,0,72,99.29,0x0000000000000004,Active,Not Active,Not Active,1,1,5,16,[N/A],[N/A],[N/A]
1784587098.6228,2418,2119,96,0,72,99.29,0x0000000000000004,Active,Not Active,Not Active,1,1,5,16,[N/A],[N/A],[N/A]
1784587098.7233,2424,2119,96,0,69,98.65,0x0000000000000000,Not Active,Not Active,Not Active,1,1,5,16,[N/A],[N/A],[N/A]
1784587098.8234,2424,2119,96,0,69,98.65,0x0000000000000000,Not Active,Not Active,Not Active,1,1,5,16,[N/A],[N/A],[N/A]
1784587098.9233,2424,2119,96,0,69,98.65,0x0000000000000000,Not Active,Not Active,Not Active,1,1,5,16,[N/A],[N/A],[N/A]
1784587099.0235,2424,2119,96,0,69,98.65,0x0000000000000000,Not Active,Not Active,Not Active,1,1,5,16,[N/A],[N/A],[N/A]
1784587099.1239,2424,2119,96,0,69,98.65,0x0000000000000000,Not Active,Not Active,Not Active,1,1,5,16,[N/A],[N/A],[N/A]
1784587099.2238,2424,2125,96,0,71,98.69,0x0000000000000000,Not Active,Not Active,Not Active,1,1,5,16,[N/A],[N/A],[N/A]
1784587099.3245,2424,2125,96,0,71,98.69,0x0000000000000000,Not Active,Not Active,Not Active,1,1,5,16,[N/A],[N/A],[N/A]
1784587099.4247,2424,2125,96,0,71,98.69,0x0000000000000000,Not Active,Not Active,Not Active,1,1,5,16,[N/A],[N/A],[N/A]
1784587099.525,2424,2125,96,0,71,98.69,0x0000000000000000,Not Active,Not Active,Not Active,1,1,5,16,[N/A],[N/A],[N/A]
1784587099.625,2424,2125,96,0,71,98.69,0x0000000000000000,Not Active,Not Active,Not Active,1,1,5,16,[N/A],[N/A],[N/A]
1784587099.7257,2418,2119,96,0,71,99.08,0x0000000000000000,Not Active,Not Active,Not Active,1,1,5,16,[N/A],[N/A],[N/A]
1784587099.8263,2418,2119,96,0,71,99.08,0x0000000000000000,Not Active,Not Active,Not Active,1,1,5,16,[N/A],[N/A],[N/A]
1784587099.926,2418,2119,96,0,71,99.08,0x0000000000000000,Not Active,Not Active,Not Active,1,1,5,16,[N/A],[N/A],[N/A]
1784587100.0266,2418,2119,96,0,71,99.08,0x0000000000000000,Not Active,Not Active,Not Active,1,1,5,16,[N/A],[N/A],[N/A]
1784587100.1266,2418,2119,96,0,71,99.08,0x0000000000000000,Not Active,Not Active,Not Active,1,1,5,16,[N/A],[N/A],[N/A]
1784587100.2267,2424,2119,96,0,67,98.56,0x0000000000000000,Not Active,Not Active,Not Active,1,1,5,16,[N/A],[N/A],[N/A]
1784587100.3276,2424,2119,96,0,67,98.56,0x0000000000000000,Not Active,Not Active,Not Active,1,1,5,16,[N/A],[N/A],[N/A]
1784587100.4278,2424,2119,96,0,67,98.56,0x0000000000000000,Not Active,Not Active,Not Active,1,1,5,16,[N/A],[N/A],[N/A]
1784587100.5281,2424,2119,96,0,67,98.56,0x0000000000000000,Not Active,Not Active,Not Active,1,1,5,16,[N/A],[N/A],[N/A]
1784587100.6278,2424,2119,96,0,67,98.56,0x0000000000000000,Not Active,Not Active,Not Active,1,1,5,16,[N/A],[N/A],[N/A]
1784587100.7288,2418,2119,96,0,74,98.54,0x0000000000000004,Active,Not Active,Not Active,1,1,5,16,[N/A],[N/A],[N/A]
1784587100.8291,2418,2119,96,0,74,98.54,0x0000000000000004,Active,Not Active,Not Active,1,1,5,16,[N/A],[N/A],[N/A]
1784587100.9289,2418,2119,96,0,74,98.54,0x0000000000000004,Active,Not Active,Not Active,1,1,5,16,[N/A],[N/A],[N/A]
1784587101.0295,2418,2119,96,0,74,98.54,0x0000000000000004,Active,Not Active,Not Active,1,1,5,16,[N/A],[N/A],[N/A]
1784587101.1301,2418,2119,96,0,74,98.54,0x0000000000000004,Active,Not Active,Not Active,1,1,5,16,[N/A],[N/A],[N/A]
1784587101.2298,2424,2119,96,0,73,99.07,0x0000000000000004,Active,Not Active,Not Active,1,1,5,16,[N/A],[N/A],[N/A]
1784587101.3306,2424,2119,96,0,73,99.07,0x0000000000000004,Active,Not Active,Not Active,1,1,5,16,[N/A],[N/A],[N/A]
1784587101.4304,2424,2119,96,0,73,99.07,0x0000000000000004,Active,Not Active,Not Active,1,1,5,16,[N/A],[N/A],[N/A]
1784587101.5309,2424,2119,96,0,73,99.07,0x0000000000000004,Active,Not Active,Not Active,1,1,5,16,[N/A],[N/A],[N/A]
1784587101.6311,2424,2119,96,0,73,99.07,0x0000000000000004,Active,Not Active,Not Active,1,1,5,16,[N/A],[N/A],[N/A]
1784587101.7314,2418,2119,96,0,72,98.45,0x0000000000000000,Not Active,Not Active,Not Active,1,1,5,16,[N/A],[N/A],[N/A]
1784587101.8317,2418,2119,96,0,72,98.45,0x0000000000000000,Not Active,Not Active,Not Active,1,1,5,16,[N/A],[N/A],[N/A]
1784587101.9323,2418,2119,96,0,72,98.45,0x0000000000000000,Not Active,Not Active,Not Active,1,1,5,16,[N/A],[N/A],[N/A]
1784587102.0323,2418,2119,96,0,72,98.45,0x0000000000000000,Not Active,Not Active,Not Active,1,1,5,16,[N/A],[N/A],[N/A]
1784587102.1327,2418,2119,96,0,72,98.45,0x0000000000000000,Not Active,Not Active,Not Active,1,1,5,16,[N/A],[N/A],[N/A]
1784587102.2325,2418,2119,96,0,73,98.40,0x0000000000000004,Active,Not Active,Not Active,1,1,5,16,[N/A],[N/A],[N/A]
1784587102.3333,2418,2119,96,0,73,98.40,0x0000000000000004,Active,Not Active,Not Active,1,1,5,16,[N/A],[N/A],[N/A]
1784587102.4334,2418,2119,96,0,73,98.40,0x0000000000000004,Active,Not Active,Not Active,1,1,5,16,[N/A],[N/A],[N/A]
1784587102.5337,2418,2119,96,0,73,98.40,0x0000000000000004,Active,Not Active,Not Active,1,1,5,16,[N/A],[N/A],[N/A]
1784587102.6338,2418,2119,96,0,73,98.40,0x0000000000000004,Active,Not Active,Not Active,1,1,5,16,[N/A],[N/A],[N/A]
1784587102.734,2418,2112,96,0,74,98.98,0x0000000000000004,Active,Not Active,Not Active,1,1,5,16,[N/A],[N/A],[N/A]
1784587102.8339,2418,2112,96,0,74,98.98,0x0000000000000004,Active,Not Active,Not Active,1,1,5,16,[N/A],[N/A],[N/A]
1784587102.9345,2418,2112,96,0,74,98.98,0x0000000000000004,Active,Not Active,Not Active,1,1,5,16,[N/A],[N/A],[N/A]
1784587103.0349,2418,2112,96,0,74,98.98,0x0000000000000004,Active,Not Active,Not Active,1,1,5,16,[N/A],[N/A],[N/A]
1784587103.135,2418,2112,96,0,74,98.98,0x0000000000000004,Active,Not Active,Not Active,1,1,5,16,[N/A],[N/A],[N/A]
1784587103.2351,2418,2119,96,0,73,98.26,0x0000000000000000,Not Active,Not Active,Not Active,1,1,5,16,[N/A],[N/A],[N/A]
1784587103.3351,2418,2119,96,0,73,98.26,0x0000000000000000,Not Active,Not Active,Not Active,1,1,5,16,[N/A],[N/A],[N/A]
1784587103.4357,2418,2119,96,0,73,98.26,0x0000000000000000,Not Active,Not Active,Not Active,1,1,5,16,[N/A],[N/A],[N/A]
1784587103.536,2418,2119,96,0,73,98.26,0x0000000000000000,Not Active,Not Active,Not Active,1,1,5,16,[N/A],[N/A],[N/A]
1784587103.6363,2418,2119,96,0,73,98.26,0x0000000000000000,Not Active,Not Active,Not Active,1,1,5,16,[N/A],[N/A],[N/A]
1784587103.7365,2418,2119,96,0,73,98.39,0x0000000000000000,Not Active,Not Active,Not Active,1,1,5,16,[N/A],[N/A],[N/A]
1784587103.8362,2418,2119,96,0,73,98.39,0x0000000000000000,Not Active,Not Active,Not Active,1,1,5,16,[N/A],[N/A],[N/A]
1784587103.9369,2418,2119,96,0,73,98.39,0x0000000000000000,Not Active,Not Active,Not Active,1,1,5,16,[N/A],[N/A],[N/A]
1784587104.037,2418,2119,96,0,73,98.39,0x0000000000000000,Not Active,Not Active,Not Active,1,1,5,16,[N/A],[N/A],[N/A]
1784587104.1376,2418,2119,96,0,73,98.39,0x0000000000000000,Not Active,Not Active,Not Active,1,1,5,16,[N/A],[N/A],[N/A]
1784587104.2376,2424,2106,44,0,71,86.11,0x0000000000000000,Not Active,Not Active,Not Active,1,1,5,16,[N/A],[N/A],[N/A]
1784587104.3382,2424,2106,44,0,71,86.11,0x0000000000000000,Not Active,Not Active,Not Active,1,1,5,16,[N/A],[N/A],[N/A]
1784587104.4382,2424,2106,44,0,71,86.11,0x0000000000000000,Not Active,Not Active,Not Active,1,1,5,16,[N/A],[N/A],[N/A]
1784587104.5385,2424,2106,44,0,71,86.11,0x0000000000000000,Not Active,Not Active,Not Active,1,1,5,16,[N/A],[N/A],[N/A]
1784587104.639,2424,2106,44,0,71,86.11,0x0000000000000000,Not Active,Not Active,Not Active,1,1,5,16,[N/A],[N/A],[N/A]
1784587104.7393,2418,2119,96,0,74,85.35,0x0000000000000000,Not Active,Not Active,Not Active,1,1,5,16,[N/A],[N/A],[N/A]
1784587104.8389,2418,2119,96,0,74,85.35,0x0000000000000000,Not Active,Not Active,Not Active,1,1,5,16,[N/A],[N/A],[N/A]
1784587104.9391,2418,2119,96,0,74,85.35,0x0000000000000000,Not Active,Not Active,Not Active,1,1,5,16,[N/A],[N/A],[N/A]
1784587105.0397,2418,2119,96,0,74,85.35,0x0000000000000000,Not Active,Not Active,Not Active,1,1,5,16,[N/A],[N/A],[N/A]
1784587105.1402,2418,2119,96,0,74,85.35,0x0000000000000000,Not Active,Not Active,Not Active,1,1,5,16,[N/A],[N/A],[N/A]
1784587105.2409,2418,2112,96,0,69,99.02,0x0000000000000000,Not Active,Not Active,Not Active,1,1,5,16,[N/A],[N/A],[N/A]
1784587105.3414,2418,2112,96,0,69,99.02,0x0000000000000000,Not Active,Not Active,Not Active,1,1,5,16,[N/A],[N/A],[N/A]
1784587105.4417,2418,2112,96,0,69,99.02,0x0000000000000000,Not Active,Not Active,Not Active,1,1,5,16,[N/A],[N/A],[N/A]
1784587105.5419,2418,2112,96,0,69,99.02,0x0000000000000000,Not Active,Not Active,Not Active,1,1,5,16,[N/A],[N/A],[N/A]
1784587105.6425,2418,2112,96,0,69,99.02,0x0000000000000000,Not Active,Not Active,Not Active,1,1,5,16,[N/A],[N/A],[N/A]
1784587105.7429,2411,2112,96,0,76,98.52,0x0000000000000004,Active,Not Active,Not Active,1,1,5,16,[N/A],[N/A],[N/A]
1784587105.8434,2411,2112,96,0,76,98.52,0x0000000000000004,Active,Not Active,Not Active,1,1,5,16,[N/A],[N/A],[N/A]
1784587105.9437,2411,2112,96,0,76,98.52,0x0000000000000004,Active,Not Active,Not Active,1,1,5,16,[N/A],[N/A],[N/A]
1784587106.0442,2411,2112,96,0,76,98.52,0x0000000000000004,Active,Not Active,Not Active,1,1,5,16,[N/A],[N/A],[N/A]
1784587106.1455,2411,2112,96,0,76,98.52,0x0000000000000004,Active,Not Active,Not Active,1,1,5,16,[N/A],[N/A],[N/A]
1784587106.2465,2418,2112,96,0,75,98.88,0x0000000000000004,Active,Not Active,Not Active,1,1,5,16,[N/A],[N/A],[N/A]
1784587106.3468,2418,2112,96,0,75,98.88,0x0000000000000004,Active,Not Active,Not Active,1,1,5,16,[N/A],[N/A],[N/A]
1784587106.4471,2418,2112,96,0,75,98.88,0x0000000000000004,Active,Not Active,Not Active,1,1,5,16,[N/A],[N/A],[N/A]
1784587106.5475,2418,2112,96,0,75,98.88,0x0000000000000004,Active,Not Active,Not Active,1,1,5,16,[N/A],[N/A],[N/A]
1784587106.648,2418,2112,96,0,74,98.08,0x0000000000000000,Not Active,Not Active,Not Active,1,1,5,16,[N/A],[N/A],[N/A]
1784587106.7483,2418,2112,96,0,74,98.08,0x0000000000000000,Not Active,Not Active,Not Active,1,1,5,16,[N/A],[N/A],[N/A]
1784587106.8485,2418,2112,96,0,74,98.08,0x0000000000000000,Not Active,Not Active,Not Active,1,1,5,16,[N/A],[N/A],[N/A]
1784587106.949,2418,2112,96,0,74,98.08,0x0000000000000000,Not Active,Not Active,Not Active,1,1,5,16,[N/A],[N/A],[N/A]
1784587107.0493,2418,2112,96,0,74,98.08,0x0000000000000000,Not Active,Not Active,Not Active,1,1,5,16,[N/A],[N/A],[N/A]
1784587107.1497,2411,2106,96,0,76,98.71,0x0000000000000004,Active,Not Active,Not Active,1,1,5,16,[N/A],[N/A],[N/A]
1784587107.2504,2411,2106,96,0,76,98.71,0x0000000000000004,Active,Not Active,Not Active,1,1,5,16,[N/A],[N/A],[N/A]
1784587107.3507,2411,2106,96,0,76,98.71,0x0000000000000004,Active,Not Active,Not Active,1,1,5,16,[N/A],[N/A],[N/A]
1784587107.4512,2411,2106,96,0,76,98.71,0x0000000000000004,Active,Not Active,Not Active,1,1,5,16,[N/A],[N/A],[N/A]
1784587107.5513,2411,2106,96,0,76,98.71,0x0000000000000004,Active,Not Active,Not Active,1,1,5,16,[N/A],[N/A],[N/A]
1784587107.6515,2411,2112,96,0,73,98.76,0x0000000000000000,Not Active,Not Active,Not Active,1,1,5,16,[N/A],[N/A],[N/A]
1784587107.7519,2411,2112,96,0,73,98.76,0x0000000000000000,Not Active,Not Active,Not Active,1,1,5,16,[N/A],[N/A],[N/A]
1784587107.8523,2411,2112,96,0,73,98.76,0x0000000000000000,Not Active,Not Active,Not Active,1,1,5,16,[N/A],[N/A],[N/A]
1784587107.9531,2411,2112,96,0,73,98.76,0x0000000000000000,Not Active,Not Active,Not Active,1,1,5,16,[N/A],[N/A],[N/A]
1784587108.0533,2411,2112,96,0,73,98.76,0x0000000000000000,Not Active,Not Active,Not Active,1,1,5,16,[N/A],[N/A],[N/A]
1784587108.1533,2418,2112,96,0,75,98.28,0x0000000000000000,Not Active,Not Active,Not Active,1,1,5,16,[N/A],[N/A],[N/A]
1784587108.2534,2418,2112,96,0,75,98.28,0x0000000000000000,Not Active,Not Active,Not Active,1,1,5,16,[N/A],[N/A],[N/A]
1784587108.3539,2418,2112,96,0,75,98.28,0x0000000000000000,Not Active,Not Active,Not Active,1,1,5,16,[N/A],[N/A],[N/A]
1784587108.4543,2418,2112,96,0,75,98.28,0x0000000000000000,Not Active,Not Active,Not Active,1,1,5,16,[N/A],[N/A],[N/A]
1784587108.5546,2418,2112,96,0,75,98.28,0x0000000000000000,Not Active,Not Active,Not Active,1,1,5,16,[N/A],[N/A],[N/A]
1784587108.6545,2418,2106,96,0,72,98.83,0x0000000000000004,Active,Not Active,Not Active,1,1,5,16,[N/A],[N/A],[N/A]
1784587108.755,2418,2106,96,0,72,98.83,0x0000000000000004,Active,Not Active,Not Active,1,1,5,16,[N/A],[N/A],[N/A]
1784587108.8549,2418,2106,96,0,72,98.83,0x0000000000000004,Active,Not Active,Not Active,1,1,5,16,[N/A],[N/A],[N/A]
1784587108.9554,2418,2106,96,0,72,98.83,0x0000000000000004,Active,Not Active,Not Active,1,1,5,16,[N/A],[N/A],[N/A]
1784587109.0555,2418,2106,96,0,72,98.83,0x0000000000000004,Active,Not Active,Not Active,1,1,5,16,[N/A],[N/A],[N/A]
1784587109.1556,2411,2112,96,0,73,98.64,0x0000000000000000,Not Active,Not Active,Not Active,1,1,5,16,[N/A],[N/A],[N/A]
1784587109.2563,2411,2112,96,0,73,98.64,0x0000000000000000,Not Active,Not Active,Not Active,1,1,5,16,[N/A],[N/A],[N/A]
1784587109.3564,2411,2112,96,0,73,98.64,0x0000000000000000,Not Active,Not Active,Not Active,1,1,5,16,[N/A],[N/A],[N/A]
1784587109.4564,2411,2112,96,0,73,98.64,0x0000000000000000,Not Active,Not Active,Not Active,1,1,5,16,[N/A],[N/A],[N/A]
1784587109.5569,2411,2112,96,0,73,98.64,0x0000000000000000,Not Active,Not Active,Not Active,1,1,5,16,[N/A],[N/A],[N/A]
1784587109.6576,2411,2106,96,0,75,98.49,0x0000000000000000,Not Active,Not Active,Not Active,1,1,5,16,[N/A],[N/A],[N/A]
1784587109.7576,2411,2106,96,0,75,98.49,0x0000000000000000,Not Active,Not Active,Not Active,1,1,5,16,[N/A],[N/A],[N/A]
1784587109.8579,2411,2106,96,0,75,98.49,0x0000000000000000,Not Active,Not Active,Not Active,1,1,5,16,[N/A],[N/A],[N/A]
1784587109.9583,2411,2106,96,0,75,98.49,0x0000000000000000,Not Active,Not Active,Not Active,1,1,5,16,[N/A],[N/A],[N/A]
1784587110.0586,2411,2106,96,0,75,98.49,0x0000000000000000,Not Active,Not Active,Not Active,1,1,5,16,[N/A],[N/A],[N/A]
1784587110.1589,2411,2106,96,0,74,98.71,0x0000000000000004,Active,Not Active,Not Active,1,1,5,16,[N/A],[N/A],[N/A]
1784587110.2592,2411,2106,96,0,74,98.71,0x0000000000000004,Active,Not Active,Not Active,1,1,5,16,[N/A],[N/A],[N/A]
1784587110.3597,2411,2106,96,0,74,98.71,0x0000000000000004,Active,Not Active,Not Active,1,1,5,16,[N/A],[N/A],[N/A]
1784587110.4602,2411,2106,96,0,74,98.71,0x0000000000000004,Active,Not Active,Not Active,1,1,5,16,[N/A],[N/A],[N/A]
1784587110.5607,2411,2106,96,0,74,98.71,0x0000000000000004,Active,Not Active,Not Active,1,1,5,16,[N/A],[N/A],[N/A]
1784587110.6609,2418,2112,96,0,73,98.13,0x0000000000000000,Not Active,Not Active,Not Active,1,1,5,16,[N/A],[N/A],[N/A]
1784587110.7612,2418,2112,96,0,73,98.13,0x0000000000000000,Not Active,Not Active,Not Active,1,1,5,16,[N/A],[N/A],[N/A]
1784587110.8617,2418,2112,96,0,73,98.13,0x0000000000000000,Not Active,Not Active,Not Active,1,1,5,16,[N/A],[N/A],[N/A]
1784587110.9619,2418,2112,96,0,73,98.13,0x0000000000000000,Not Active,Not Active,Not Active,1,1,5,16,[N/A],[N/A],[N/A]
1784587111.0622,2418,2112,96,0,73,98.13,0x0000000000000000,Not Active,Not Active,Not Active,1,1,5,16,[N/A],[N/A],[N/A]
1784587111.1624,2411,2106,96,0,76,98.45,0x0000000000000000,Not Active,Not Active,Not Active,1,1,5,16,[N/A],[N/A],[N/A]
1784587111.2629,2411,2106,96,0,76,98.45,0x0000000000000000,Not Active,Not Active,Not Active,1,1,5,16,[N/A],[N/A],[N/A]
1784587111.3636,2411,2106,96,0,76,98.45,0x0000000000000000,Not Active,Not Active,Not Active,1,1,5,16,[N/A],[N/A],[N/A]
1784587111.4637,2411,2106,96,0,76,98.45,0x0000000000000000,Not Active,Not Active,Not Active,1,1,5,16,[N/A],[N/A],[N/A]
1784587111.564,2411,2106,96,0,76,98.45,0x0000000000000000,Not Active,Not Active,Not Active,1,1,5,16,[N/A],[N/A],[N/A]
1784587111.6647,2411,2106,96,0,74,98.92,0x0000000000000000,Not Active,Not Active,Not Active,1,1,5,16,[N/A],[N/A],[N/A]
1784587111.7659,2411,2106,96,0,74,98.92,0x0000000000000000,Not Active,Not Active,Not Active,1,1,5,16,[N/A],[N/A],[N/A]
1784587111.8659,2411,2106,96,0,74,98.92,0x0000000000000000,Not Active,Not Active,Not Active,1,1,5,16,[N/A],[N/A],[N/A]
1784587111.9665,2411,2106,96,0,74,98.92,0x0000000000000000,Not Active,Not Active,Not Active,1,1,5,16,[N/A],[N/A],[N/A]
1784587112.0671,2411,2106,96,0,74,98.92,0x0000000000000000,Not Active,Not Active,Not Active,1,1,5,16,[N/A],[N/A],[N/A]
1784587112.1679,2418,2106,96,0,74,97.87,0x0000000000000000,Not Active,Not Active,Not Active,1,1,5,16,[N/A],[N/A],[N/A]
1784587112.2685,2418,2106,96,0,74,97.87,0x0000000000000000,Not Active,Not Active,Not Active,1,1,5,16,[N/A],[N/A],[N/A]
1784587112.3687,2418,2106,96,0,74,97.87,0x0000000000000000,Not Active,Not Active,Not Active,1,1,5,16,[N/A],[N/A],[N/A]
1784587112.4692,2418,2106,96,0,74,97.87,0x0000000000000000,Not Active,Not Active,Not Active,1,1,5,16,[N/A],[N/A],[N/A]
1784587112.5699,2418,2106,96,0,74,97.87,0x0000000000000000,Not Active,Not Active,Not Active,1,1,5,16,[N/A],[N/A],[N/A]
1784587112.6704,2405,2106,96,0,77,98.38,0x0000000000000004,Active,Not Active,Not Active,1,1,5,16,[N/A],[N/A],[N/A]
1784587112.7707,2405,2106,96,0,77,98.38,0x0000000000000004,Active,Not Active,Not Active,1,1,5,16,[N/A],[N/A],[N/A]
1784587112.8709,2405,2106,96,0,77,98.38,0x0000000000000004,Active,Not Active,Not Active,1,1,5,16,[N/A],[N/A],[N/A]
1784587112.9715,2405,2106,96,0,77,98.38,0x0000000000000004,Active,Not Active,Not Active,1,1,5,16,[N/A],[N/A],[N/A]
1784587113.0719,2405,2106,96,0,77,98.38,0x0000000000000004,Active,Not Active,Not Active,1,1,5,16,[N/A],[N/A],[N/A]
1784587113.1722,2411,2106,96,0,74,98.66,0x0000000000000000,Not Active,Not Active,Not Active,1,1,5,16,[N/A],[N/A],[N/A]
1784587113.2727,2411,2106,96,0,74,98.66,0x0000000000000000,Not Active,Not Active,Not Active,1,1,5,16,[N/A],[N/A],[N/A]
1784587113.3732,2411,2106,96,0,74,98.66,0x0000000000000000,Not Active,Not Active,Not Active,1,1,5,16,[N/A],[N/A],[N/A]
1784587113.4735,2411,2106,96,0,74,98.66,0x0000000000000000,Not Active,Not Active,Not Active,1,1,5,16,[N/A],[N/A],[N/A]
1784587113.5739,2411,2106,96,0,74,98.66,0x0000000000000000,Not Active,Not Active,Not Active,1,1,5,16,[N/A],[N/A],[N/A]
1784587113.6743,2411,2099,57,0,65,87.93,0x0000000000000000,Not Active,Not Active,Not Active,1,1,5,16,[N/A],[N/A],[N/A]
1784587113.7744,2411,2099,57,0,65,87.93,0x0000000000000000,Not Active,Not Active,Not Active,1,1,5,16,[N/A],[N/A],[N/A]
1784587113.8746,2411,2099,57,0,65,87.93,0x0000000000000000,Not Active,Not Active,Not Active,1,1,5,16,[N/A],[N/A],[N/A]
1784587113.9749,2411,2099,57,0,65,87.93,0x0000000000000000,Not Active,Not Active,Not Active,1,1,5,16,[N/A],[N/A],[N/A]
1784587114.0752,2411,2099,57,0,65,87.93,0x0000000000000000,Not Active,Not Active,Not Active,1,1,5,16,[N/A],[N/A],[N/A]
1784587114.1754,2411,2106,96,0,78,89.20,0x0000000000000004,Active,Not Active,Not Active,1,1,5,16,[N/A],[N/A],[N/A]
1784587114.2757,2411,2106,96,0,78,89.20,0x0000000000000004,Active,Not Active,Not Active,1,1,5,16,[N/A],[N/A],[N/A]
1784587114.3762,2411,2106,96,0,78,89.20,0x0000000000000004,Active,Not Active,Not Active,1,1,5,16,[N/A],[N/A],[N/A]
1784587114.4765,2411,2106,96,0,78,89.20,0x0000000000000004,Active,Not Active,Not Active,1,1,5,16,[N/A],[N/A],[N/A]
1784587114.577,2411,2106,96,0,78,89.20,0x0000000000000004,Active,Not Active,Not Active,1,1,5,16,[N/A],[N/A],[N/A]
1784587114.6775,2411,2106,96,0,77,95.18,0x0000000000000000,Not Active,Not Active,Not Active,1,1,5,16,[N/A],[N/A],[N/A]
1784587114.7781,2411,2106,96,0,77,95.18,0x0000000000000000,Not Active,Not Active,Not Active,1,1,5,16,[N/A],[N/A],[N/A]
1784587114.8786,2411,2106,96,0,77,95.18,0x0000000000000000,Not Active,Not Active,Not Active,1,1,5,16,[N/A],[N/A],[N/A]
1784587114.979,2411,2106,96,0,77,95.18,0x0000000000000000,Not Active,Not Active,Not Active,1,1,5,16,[N/A],[N/A],[N/A]
1784587115.0793,2411,2106,96,0,77,95.18,0x0000000000000000,Not Active,Not Active,Not Active,1,1,5,16,[N/A],[N/A],[N/A]
1784587115.1798,2405,2099,96,0,77,98.35,0x0000000000000004,Active,Not Active,Not Active,1,1,5,16,[N/A],[N/A],[N/A]
1784587115.2803,2405,2099,96,0,77,98.35,0x0000000000000004,Active,Not Active,Not Active,1,1,5,16,[N/A],[N/A],[N/A]
1784587115.3808,2405,2099,96,0,77,98.35,0x0000000000000004,Active,Not Active,Not Active,1,1,5,16,[N/A],[N/A],[N/A]
1784587115.4817,2405,2099,96,0,77,98.35,0x0000000000000004,Active,Not Active,Not Active,1,1,5,16,[N/A],[N/A],[N/A]
1784587115.5817,2405,2099,96,0,77,98.35,0x0000000000000004,Active,Not Active,Not Active,1,1,5,16,[N/A],[N/A],[N/A]
1784587115.682,2405,2106,96,0,75,98.69,0x0000000000000004,Active,Not Active,Not Active,1,1,5,16,[N/A],[N/A],[N/A]
1784587115.7825,2405,2106,96,0,75,98.69,0x0000000000000004,Active,Not Active,Not Active,1,1,5,16,[N/A],[N/A],[N/A]
1784587115.8828,2405,2106,96,0,75,98.69,0x0000000000000004,Active,Not Active,Not Active,1,1,5,16,[N/A],[N/A],[N/A]
1784587115.9835,2405,2106,96,0,75,98.69,0x0000000000000004,Active,Not Active,Not Active,1,1,5,16,[N/A],[N/A],[N/A]
1784587116.0835,2405,2106,96,0,75,98.69,0x0000000000000004,Active,Not Active,Not Active,1,1,5,16,[N/A],[N/A],[N/A]
1784587116.1838,2411,2106,96,0,77,97.88,0x0000000000000000,Not Active,Not Active,Not Active,1,1,5,16,[N/A],[N/A],[N/A]
1784587116.2843,2411,2106,96,0,77,97.88,0x0000000000000000,Not Active,Not Active,Not Active,1,1,5,16,[N/A],[N/A],[N/A]
1784587116.3848,2411,2106,96,0,77,97.88,0x0000000000000000,Not Active,Not Active,Not Active,1,1,5,16,[N/A],[N/A],[N/A]
1784587116.4853,2411,2106,96,0,77,97.88,0x0000000000000000,Not Active,Not Active,Not Active,1,1,5,16,[N/A],[N/A],[N/A]
1784587116.5866,2411,2106,96,0,77,97.88,0x0000000000000000,Not Active,Not Active,Not Active,1,1,5,16,[N/A],[N/A],[N/A]
1784587116.6877,2411,2106,96,0,78,98.25,0x0000000000000004,Active,Not Active,Not Active,1,1,5,16,[N/A],[N/A],[N/A]
1784587116.7882,2411,2106,96,0,78,98.25,0x0000000000000004,Active,Not Active,Not Active,1,1,5,16,[N/A],[N/A],[N/A]
1784587116.8887,2411,2106,96,0,78,98.25,0x0000000000000004,Active,Not Active,Not Active,1,1,5,16,[N/A],[N/A],[N/A]
1784587116.9894,2411,2106,96,0,78,98.25,0x0000000000000004,Active,Not Active,Not Active,1,1,5,16,[N/A],[N/A],[N/A]
1784587117.0898,2411,2106,96,0,78,98.25,0x0000000000000004,Active,Not Active,Not Active,1,1,5,16,[N/A],[N/A],[N/A]
1784587117.19,2411,2112,96,0,78,98.40,0x0000000000000000,Not Active,Not Active,Not Active,1,1,5,16,[N/A],[N/A],[N/A]
1784587117.2906,2411,2112,96,0,78,98.40,0x0000000000000000,Not Active,Not Active,Not Active,1,1,5,16,[N/A],[N/A],[N/A]
1784587117.3912,2411,2112,96,0,78,98.40,0x0000000000000000,Not Active,Not Active,Not Active,1,1,5,16,[N/A],[N/A],[N/A]
1784587117.4915,2411,2112,96,0,78,98.40,0x0000000000000000,Not Active,Not Active,Not Active,1,1,5,16,[N/A],[N/A],[N/A]
1784587117.5917,2411,2112,96,0,78,98.40,0x0000000000000000,Not Active,Not Active,Not Active,1,1,5,16,[N/A],[N/A],[N/A]
1784587117.692,2405,2106,96,0,77,98.12,0x0000000000000000,Not Active,Not Active,Not Active,1,1,5,16,[N/A],[N/A],[N/A]
1784587117.7922,2405,2106,96,0,77,98.12,0x0000000000000000,Not Active,Not Active,Not Active,1,1,5,16,[N/A],[N/A],[N/A]
1784587117.8925,2405,2106,96,0,77,98.12,0x0000000000000000,Not Active,Not Active,Not Active,1,1,5,16,[N/A],[N/A],[N/A]
1784587117.9927,2405,2106,96,0,77,98.12,0x0000000000000000,Not Active,Not Active,Not Active,1,1,5,16,[N/A],[N/A],[N/A]
1784587118.093,2405,2106,96,0,77,98.12,0x0000000000000000,Not Active,Not Active,Not Active,1,1,5,16,[N/A],[N/A],[N/A]
1784587118.1933,2405,2106,96,0,79,98.39,0x0000000000000004,Active,Not Active,Not Active,1,1,5,16,[N/A],[N/A],[N/A]
1784587118.2939,2405,2106,96,0,79,98.39,0x0000000000000004,Active,Not Active,Not Active,1,1,5,16,[N/A],[N/A],[N/A]
1784587118.3942,2405,2106,96,0,79,98.39,0x0000000000000004,Active,Not Active,Not Active,1,1,5,16,[N/A],[N/A],[N/A]
1784587118.4949,2405,2106,96,0,79,98.39,0x0000000000000004,Active,Not Active,Not Active,1,1,5,16,[N/A],[N/A],[N/A]
1784587118.5955,2405,2106,96,0,79,98.39,0x0000000000000004,Active,Not Active,Not Active,1,1,5,16,[N/A],[N/A],[N/A]
1784587118.6959,2405,2106,96,0,77,97.71,0x0000000000000000,Not Active,Not Active,Not Active,1,1,5,16,[N/A],[N/A],[N/A]
1784587118.7962,2405,2106,96,0,77,97.71,0x0000000000000000,Not Active,Not Active,Not Active,1,1,5,16,[N/A],[N/A],[N/A]
1784587118.8964,2405,2106,96,0,77,97.71,0x0000000000000000,Not Active,Not Active,Not Active,1,1,5,16,[N/A],[N/A],[N/A]
1784587118.9967,2405,2106,96,0,77,97.71,0x0000000000000000,Not Active,Not Active,Not Active,1,1,5,16,[N/A],[N/A],[N/A]
1784587119.0969,2405,2106,96,0,77,97.71,0x0000000000000000,Not Active,Not Active,Not Active,1,1,5,16,[N/A],[N/A],[N/A]
1784587119.1974,2398,2099,96,0,78,98.15,0x0000000000000004,Active,Not Active,Not Active,1,1,5,16,[N/A],[N/A],[N/A]
1784587119.2977,2398,2099,96,0,78,98.15,0x0000000000000004,Active,Not Active,Not Active,1,1,5,16,[N/A],[N/A],[N/A]
1784587119.3982,2398,2099,96,0,78,98.15,0x0000000000000004,Active,Not Active,Not Active,1,1,5,16,[N/A],[N/A],[N/A]
1784587119.4987,2398,2099,96,0,78,98.15,0x0000000000000004,Active,Not Active,Not Active,1,1,5,16,[N/A],[N/A],[N/A]
1784587119.5989,2398,2099,96,0,78,98.15,0x0000000000000004,Active,Not Active,Not Active,1,1,5,16,[N/A],[N/A],[N/A]
1784587119.6992,2405,2106,96,0,76,98.18,0x0000000000000000,Not Active,Not Active,Not Active,1,1,5,16,[N/A],[N/A],[N/A]
1784587119.7994,2405,2106,96,0,76,98.18,0x0000000000000000,Not Active,Not Active,Not Active,1,1,5,16,[N/A],[N/A],[N/A]
1784587119.8999,2405,2106,96,0,76,98.18,0x0000000000000000,Not Active,Not Active,Not Active,1,1,5,16,[N/A],[N/A],[N/A]
1784587120.0005,2405,2106,96,0,76,98.18,0x0000000000000000,Not Active,Not Active,Not Active,1,1,5,16,[N/A],[N/A],[N/A]
1784587120.101,2405,2106,96,0,76,98.18,0x0000000000000000,Not Active,Not Active,Not Active,1,1,5,16,[N/A],[N/A],[N/A]
1784587120.2015,2405,2099,96,0,78,97.89,0x0000000000000000,Not Active,Not Active,Not Active,1,1,5,16,[N/A],[N/A],[N/A]
1784587120.3017,2405,2099,96,0,78,97.89,0x0000000000000000,Not Active,Not Active,Not Active,1,1,5,16,[N/A],[N/A],[N/A]
1784587120.402,2405,2099,96,0,78,97.89,0x0000000000000000,Not Active,Not Active,Not Active,1,1,5,16,[N/A],[N/A],[N/A]
1784587120.5025,2405,2099,96,0,78,97.89,0x0000000000000000,Not Active,Not Active,Not Active,1,1,5,16,[N/A],[N/A],[N/A]
1784587120.603,2405,2099,96,0,78,97.89,0x0000000000000000,Not Active,Not Active,Not Active,1,1,5,16,[N/A],[N/A],[N/A]
1784587120.7035,2398,2093,96,0,73,98.34,0x0000000000000004,Active,Not Active,Not Active,1,1,5,16,[N/A],[N/A],[N/A]
1784587120.8039,2398,2093,96,0,73,98.34,0x0000000000000004,Active,Not Active,Not Active,1,1,5,16,[N/A],[N/A],[N/A]
1784587120.9042,2398,2093,96,0,73,98.34,0x0000000000000004,Active,Not Active,Not Active,1,1,5,16,[N/A],[N/A],[N/A]
1784587121.0044,2398,2093,96,0,73,98.34,0x0000000000000004,Active,Not Active,Not Active,1,1,5,16,[N/A],[N/A],[N/A]
1784587121.1054,2398,2093,96,0,73,98.34,0x0000000000000004,Active,Not Active,Not Active,1,1,5,16,[N/A],[N/A],[N/A]
1784587121.2059,2398,2106,96,0,77,97.48,0x0000000000000000,Not Active,Not Active,Not Active,1,1,5,16,[N/A],[N/A],[N/A]
1784587121.306,2398,2106,96,0,77,97.48,0x0000000000000000,Not Active,Not Active,Not Active,1,1,5,16,[N/A],[N/A],[N/A]
1784587121.4063,2398,2106,96,0,77,97.48,0x0000000000000000,Not Active,Not Active,Not Active,1,1,5,16,[N/A],[N/A],[N/A]
1784587121.5065,2398,2106,96,0,77,97.48,0x0000000000000000,Not Active,Not Active,Not Active,1,1,5,16,[N/A],[N/A],[N/A]
1784587121.6071,2398,2106,96,0,77,97.48,0x0000000000000000,Not Active,Not Active,Not Active,1,1,5,16,[N/A],[N/A],[N/A]
1784587121.7079,2398,2099,96,0,77,97.91,0x0000000000000000,Not Active,Not Active,Not Active,1,1,5,16,[N/A],[N/A],[N/A]
1784587121.8084,2398,2099,96,0,77,97.91,0x0000000000000000,Not Active,Not Active,Not Active,1,1,5,16,[N/A],[N/A],[N/A]
1784587121.9086,2398,2099,96,0,77,97.91,0x0000000000000000,Not Active,Not Active,Not Active,1,1,5,16,[N/A],[N/A],[N/A]
1784587122.0092,2398,2099,96,0,77,97.91,0x0000000000000000,Not Active,Not Active,Not Active,1,1,5,16,[N/A],[N/A],[N/A]
1784587122.1097,2398,2099,96,0,77,97.91,0x0000000000000000,Not Active,Not Active,Not Active,1,1,5,16,[N/A],[N/A],[N/A]
1784587122.2102,2398,2106,96,0,76,98.07,0x0000000000000000,Not Active,Not Active,Not Active,1,1,5,16,[N/A],[N/A],[N/A]
1784587122.3108,2398,2106,96,0,76,98.07,0x0000000000000000,Not Active,Not Active,Not Active,1,1,5,16,[N/A],[N/A],[N/A]
1784587122.4113,2398,2106,96,0,76,98.07,0x0000000000000000,Not Active,Not Active,Not Active,1,1,5,16,[N/A],[N/A],[N/A]
1784587122.5115,2398,2106,96,0,76,98.07,0x0000000000000000,Not Active,Not Active,Not Active,1,1,5,16,[N/A],[N/A],[N/A]
1784587122.6119,2398,2106,96,0,76,98.07,0x0000000000000000,Not Active,Not Active,Not Active,1,1,5,16,[N/A],[N/A],[N/A]
1784587122.7126,2398,2099,96,0,78,97.80,0x0000000000000000,Not Active,Not Active,Not Active,1,1,5,16,[N/A],[N/A],[N/A]
1784587122.8131,2398,2099,96,0,78,97.80,0x0000000000000000,Not Active,Not Active,Not Active,1,1,5,16,[N/A],[N/A],[N/A]
1784587122.9136,2398,2099,96,0,78,97.80,0x0000000000000000,Not Active,Not Active,Not Active,1,1,5,16,[N/A],[N/A],[N/A]
1784587123.0138,2398,2099,96,0,78,97.80,0x0000000000000000,Not Active,Not Active,Not Active,1,1,5,16,[N/A],[N/A],[N/A]
1784587123.1141,2398,2099,96,0,78,97.80,0x0000000000000000,Not Active,Not Active,Not Active,1,1,5,16,[N/A],[N/A],[N/A]
1784587123.2147,2411,2106,43,0,66,89.56,0x0000000000000000,Not Active,Not Active,Not Active,1,1,5,16,[N/A],[N/A],[N/A]
1784587123.3152,2411,2106,43,0,66,89.56,0x0000000000000000,Not Active,Not Active,Not Active,1,1,5,16,[N/A],[N/A],[N/A]
1784587123.4157,2411,2106,43,0,66,89.56,0x0000000000000000,Not Active,Not Active,Not Active,1,1,5,16,[N/A],[N/A],[N/A]
1784587123.516,2411,2106,43,0,66,89.56,0x0000000000000000,Not Active,Not Active,Not Active,1,1,5,16,[N/A],[N/A],[N/A]
1784587123.6166,2411,2106,43,0,66,89.56,0x0000000000000000,Not Active,Not Active,Not Active,1,1,5,16,[N/A],[N/A],[N/A]
1784587123.717,2411,2106,96,0,78,89.76,0x0000000000000004,Active,Not Active,Not Active,1,1,5,16,[N/A],[N/A],[N/A]
1784587123.8175,2411,2106,96,0,78,89.76,0x0000000000000004,Active,Not Active,Not Active,1,1,5,16,[N/A],[N/A],[N/A]
1784587123.9178,2411,2106,96,0,78,89.76,0x0000000000000004,Active,Not Active,Not Active,1,1,5,16,[N/A],[N/A],[N/A]
1784587124.018,2411,2106,96,0,78,89.76,0x0000000000000004,Active,Not Active,Not Active,1,1,5,16,[N/A],[N/A],[N/A]
1784587124.1183,2411,2106,96,0,78,89.76,0x0000000000000004,Active,Not Active,Not Active,1,1,5,16,[N/A],[N/A],[N/A]
1784587124.2185,2398,2099,96,0,76,98.22,0x0000000000000000,Not Active,Not Active,Not Active,1,1,5,16,[N/A],[N/A],[N/A]
1784587124.3188,2398,2099,96,0,76,98.22,0x0000000000000000,Not Active,Not Active,Not Active,1,1,5,16,[N/A],[N/A],[N/A]
1784587124.419,2398,2099,96,0,76,98.22,0x0000000000000000,Not Active,Not Active,Not Active,1,1,5,16,[N/A],[N/A],[N/A]
1784587124.5193,2398,2099,96,0,76,98.22,0x0000000000000000,Not Active,Not Active,Not Active,1,1,5,16,[N/A],[N/A],[N/A]
1784587124.6195,2398,2099,96,0,76,98.22,0x0000000000000000,Not Active,Not Active,Not Active,1,1,5,16,[N/A],[N/A],[N/A]
1784587124.7201,2398,2106,96,0,79,97.90,0x0000000000000004,Active,Not Active,Not Active,1,1,5,16,[N/A],[N/A],[N/A]
1784587124.8204,2398,2106,96,0,79,97.90,0x0000000000000004,Active,Not Active,Not Active,1,1,5,16,[N/A],[N/A],[N/A]
1784587124.9206,2398,2106,96,0,79,97.90,0x0000000000000004,Active,Not Active,Not Active,1,1,5,16,[N/A],[N/A],[N/A]
1784587125.0211,2398,2106,96,0,79,97.90,0x0000000000000004,Active,Not Active,Not Active,1,1,5,16,[N/A],[N/A],[N/A]
1784587125.1213,2398,2106,96,0,79,97.90,0x0000000000000004,Active,Not Active,Not Active,1,1,5,16,[N/A],[N/A],[N/A]
1784587125.2216,2398,2106,96,0,73,97.54,0x0000000000000000,Not Active,Not Active,Not Active,1,1,5,16,[N/A],[N/A],[N/A]
1784587125.3219,2398,2106,96,0,73,97.54,0x0000000000000000,Not Active,Not Active,Not Active,1,1,5,16,[N/A],[N/A],[N/A]
1784587125.4224,2398,2106,96,0,73,97.54,0x0000000000000000,Not Active,Not Active,Not Active,1,1,5,16,[N/A],[N/A],[N/A]
1784587125.5231,2398,2106,96,0,73,97.54,0x0000000000000000,Not Active,Not Active,Not Active,1,1,5,16,[N/A],[N/A],[N/A]
1784587125.6232,2398,2106,96,0,73,97.54,0x0000000000000000,Not Active,Not Active,Not Active,1,1,5,16,[N/A],[N/A],[N/A]
1784587125.7241,2398,2099,96,0,80,97.86,0x0000000000000004,Active,Not Active,Not Active,1,1,5,16,[N/A],[N/A],[N/A]
1784587125.824,2398,2099,96,0,80,97.86,0x0000000000000004,Active,Not Active,Not Active,1,1,5,16,[N/A],[N/A],[N/A]
1784587125.9248,2398,2099,96,0,80,97.86,0x0000000000000004,Active,Not Active,Not Active,1,1,5,16,[N/A],[N/A],[N/A]
1784587126.026,2398,2099,96,0,80,97.86,0x0000000000000004,Active,Not Active,Not Active,1,1,5,16,[N/A],[N/A],[N/A]
1784587126.1264,2398,2099,96,0,80,97.86,0x0000000000000004,Active,Not Active,Not Active,1,1,5,16,[N/A],[N/A],[N/A]
1784587126.2266,2405,2099,96,0,77,97.90,0x0000000000000000,Not Active,Not Active,Not Active,1,1,5,16,[N/A],[N/A],[N/A]
1784587126.328,2405,2099,96,0,77,97.90,0x0000000000000000,Not Active,Not Active,Not Active,1,1,5,16,[N/A],[N/A],[N/A]
1784587126.4282,2405,2099,96,0,77,97.90,0x0000000000000000,Not Active,Not Active,Not Active,1,1,5,16,[N/A],[N/A],[N/A]
1784587126.5289,2405,2099,96,0,77,97.90,0x0000000000000000,Not Active,Not Active,Not Active,1,1,5,16,[N/A],[N/A],[N/A]
1784587126.6291,2405,2099,96,0,77,97.90,0x0000000000000000,Not Active,Not Active,Not Active,1,1,5,16,[N/A],[N/A],[N/A]
1784587126.7294,2398,2106,96,0,80,97.75,0x0000000000000004,Active,Not Active,Not Active,1,1,5,16,[N/A],[N/A],[N/A]
1784587126.8297,2398,2106,96,0,80,97.75,0x0000000000000004,Active,Not Active,Not Active,1,1,5,16,[N/A],[N/A],[N/A]
1784587126.9302,2398,2106,96,0,80,97.75,0x0000000000000004,Active,Not Active,Not Active,1,1,5,16,[N/A],[N/A],[N/A]
1784587127.0308,2398,2106,96,0,80,97.75,0x0000000000000004,Active,Not Active,Not Active,1,1,5,16,[N/A],[N/A],[N/A]
1784587127.1312,2398,2106,96,0,80,97.75,0x0000000000000004,Active,Not Active,Not Active,1,1,5,16,[N/A],[N/A],[N/A]
1784587127.2315,2398,2106,96,0,79,98.00,0x0000000000000004,Active,Not Active,Not Active,1,1,5,16,[N/A],[N/A],[N/A]
1784587127.3321,2398,2106,96,0,79,98.00,0x0000000000000004,Active,Not Active,Not Active,1,1,5,16,[N/A],[N/A],[N/A]
1784587127.4326,2398,2106,96,0,79,98.00,0x0000000000000004,Active,Not Active,Not Active,1,1,5,16,[N/A],[N/A],[N/A]
1784587127.5331,2398,2106,96,0,79,98.00,0x0000000000000004,Active,Not Active,Not Active,1,1,5,16,[N/A],[N/A],[N/A]
1784587127.6336,2398,2106,96,0,79,98.00,0x0000000000000004,Active,Not Active,Not Active,1,1,5,16,[N/A],[N/A],[N/A]
1784587127.7338,2398,2099,96,0,79,97.69,0x0000000000000004,Active,Not Active,Not Active,1,1,5,16,[N/A],[N/A],[N/A]
1784587127.8341,2398,2099,96,0,79,97.69,0x0000000000000004,Active,Not Active,Not Active,1,1,5,16,[N/A],[N/A],[N/A]
1784587127.9349,2398,2099,96,0,79,97.69,0x0000000000000004,Active,Not Active,Not Active,1,1,5,16,[N/A],[N/A],[N/A]
1784587128.0354,2398,2099,96,0,79,97.69,0x0000000000000004,Active,Not Active,Not Active,1,1,5,16,[N/A],[N/A],[N/A]
1784587128.1356,2398,2099,96,0,79,97.69,0x0000000000000004,Active,Not Active,Not Active,1,1,5,16,[N/A],[N/A],[N/A]
1784587128.236,2398,2099,96,0,80,97.86,0x0000000000000004,Active,Not Active,Not Active,1,1,5,16,[N/A],[N/A],[N/A]
1784587128.3363,2398,2099,96,0,80,97.86,0x0000000000000004,Active,Not Active,Not Active,1,1,5,16,[N/A],[N/A],[N/A]
1784587128.4369,2398,2099,96,0,80,97.86,0x0000000000000004,Active,Not Active,Not Active,1,1,5,16,[N/A],[N/A],[N/A]
1784587128.5374,2398,2099,96,0,80,97.86,0x0000000000000004,Active,Not Active,Not Active,1,1,5,16,[N/A],[N/A],[N/A]
1784587128.6379,2398,2099,96,0,80,97.86,0x0000000000000004,Active,Not Active,Not Active,1,1,5,16,[N/A],[N/A],[N/A]
1784587128.7385,2392,2106,96,0,79,97.54,0x0000000000000000,Not Active,Not Active,Not Active,1,1,5,16,[N/A],[N/A],[N/A]
1784587128.8389,2392,2106,96,0,79,97.54,0x0000000000000000,Not Active,Not Active,Not Active,1,1,5,16,[N/A],[N/A],[N/A]
1784587128.9394,2392,2106,96,0,79,97.54,0x0000000000000000,Not Active,Not Active,Not Active,1,1,5,16,[N/A],[N/A],[N/A]
1784587129.0397,2392,2106,96,0,79,97.54,0x0000000000000000,Not Active,Not Active,Not Active,1,1,5,16,[N/A],[N/A],[N/A]
1784587129.1402,2392,2106,96,0,79,97.54,0x0000000000000000,Not Active,Not Active,Not Active,1,1,5,16,[N/A],[N/A],[N/A]
1784587129.2407,2398,2099,96,0,80,97.81,0x0000000000000004,Active,Not Active,Not Active,1,1,5,16,[N/A],[N/A],[N/A]
1784587129.3412,2398,2099,96,0,80,97.81,0x0000000000000004,Active,Not Active,Not Active,1,1,5,16,[N/A],[N/A],[N/A]
1784587129.4416,2398,2099,96,0,80,97.81,0x0000000000000004,Active,Not Active,Not Active,1,1,5,16,[N/A],[N/A],[N/A]
1784587129.5418,2398,2099,96,0,80,97.81,0x0000000000000004,Active,Not Active,Not Active,1,1,5,16,[N/A],[N/A],[N/A]
1784587129.6424,2398,2099,96,0,80,97.81,0x0000000000000004,Active,Not Active,Not Active,1,1,5,16,[N/A],[N/A],[N/A]
1784587129.7429,2398,2099,96,0,77,97.67,0x0000000000000000,Not Active,Not Active,Not Active,1,1,5,16,[N/A],[N/A],[N/A]
1784587129.8434,2398,2099,96,0,77,97.67,0x0000000000000000,Not Active,Not Active,Not Active,1,1,5,16,[N/A],[N/A],[N/A]
1784587129.9436,2398,2099,96,0,77,97.67,0x0000000000000000,Not Active,Not Active,Not Active,1,1,5,16,[N/A],[N/A],[N/A]
1784587130.0441,2398,2099,96,0,77,97.67,0x0000000000000000,Not Active,Not Active,Not Active,1,1,5,16,[N/A],[N/A],[N/A]
1784587130.1448,2398,2099,96,0,77,97.67,0x0000000000000000,Not Active,Not Active,Not Active,1,1,5,16,[N/A],[N/A],[N/A]
1784587130.2454,2392,2093,96,0,80,97.65,0x0000000000000004,Active,Not Active,Not Active,1,1,5,16,[N/A],[N/A],[N/A]
1784587130.3462,2392,2093,96,0,80,97.65,0x0000000000000004,Active,Not Active,Not Active,1,1,5,16,[N/A],[N/A],[N/A]
1784587130.4473,2392,2093,96,0,80,97.65,0x0000000000000004,Active,Not Active,Not Active,1,1,5,16,[N/A],[N/A],[N/A]
1784587130.5481,2392,2093,96,0,80,97.65,0x0000000000000004,Active,Not Active,Not Active,1,1,5,16,[N/A],[N/A],[N/A]
1784587130.6486,2392,2093,96,0,80,97.65,0x0000000000000004,Active,Not Active,Not Active,1,1,5,16,[N/A],[N/A],[N/A]
1784587130.7491,2405,2099,96,0,79,97.96,0x0000000000000004,Active,Not Active,Not Active,1,1,5,16,[N/A],[N/A],[N/A]
1784587130.8496,2405,2099,96,0,79,97.96,0x0000000000000004,Active,Not Active,Not Active,1,1,5,16,[N/A],[N/A],[N/A]
1784587130.95,2405,2099,96,0,79,97.96,0x0000000000000004,Active,Not Active,Not Active,1,1,5,16,[N/A],[N/A],[N/A]
1784587131.0503,2405,2099,96,0,79,97.96,0x0000000000000004,Active,Not Active,Not Active,1,1,5,16,[N/A],[N/A],[N/A]
1784587131.1509,2405,2099,96,0,79,97.96,0x0000000000000004,Active,Not Active,Not Active,1,1,5,16,[N/A],[N/A],[N/A]
1784587131.2514,2392,2099,96,0,77,97.53,0x0000000000000000,Not Active,Not Active,Not Active,1,1,5,16,[N/A],[N/A],[N/A]
1784587131.3517,2392,2099,96,0,77,97.53,0x0000000000000000,Not Active,Not Active,Not Active,1,1,5,16,[N/A],[N/A],[N/A]
1784587131.4524,2392,2099,96,0,77,97.53,0x0000000000000000,Not Active,Not Active,Not Active,1,1,5,16,[N/A],[N/A],[N/A]
1784587131.5526,2392,2099,96,0,77,97.53,0x0000000000000000,Not Active,Not Active,Not Active,1,1,5,16,[N/A],[N/A],[N/A]
1784587131.6534,2392,2099,96,0,77,97.53,0x0000000000000000,Not Active,Not Active,Not Active,1,1,5,16,[N/A],[N/A],[N/A]
1784587131.7536,2392,2093,96,0,80,97.79,0x0000000000000004,Active,Not Active,Not Active,1,1,5,16,[N/A],[N/A],[N/A]
1784587131.8545,2392,2093,96,0,80,97.79,0x0000000000000004,Active,Not Active,Not Active,1,1,5,16,[N/A],[N/A],[N/A]
1784587131.9544,2392,2093,96,0,80,97.79,0x0000000000000004,Active,Not Active,Not Active,1,1,5,16,[N/A],[N/A],[N/A]
1784587132.0549,2392,2093,96,0,80,97.79,0x0000000000000004,Active,Not Active,Not Active,1,1,5,16,[N/A],[N/A],[N/A]
1784587132.1554,2392,2093,96,0,80,97.79,0x0000000000000004,Active,Not Active,Not Active,1,1,5,16,[N/A],[N/A],[N/A]
1784587132.2559,2398,2106,96,0,77,97.41,0x0000000000000000,Not Active,Not Active,Not Active,1,1,5,16,[N/A],[N/A],[N/A]
1784587132.3562,2398,2106,96,0,77,97.41,0x0000000000000000,Not Active,Not Active,Not Active,1,1,5,16,[N/A],[N/A],[N/A]
1784587132.457,2398,2106,96,0,77,97.41,0x0000000000000000,Not Active,Not Active,Not Active,1,1,5,16,[N/A],[N/A],[N/A]
1784587132.5572,2398,2106,96,0,77,97.41,0x0000000000000000,Not Active,Not Active,Not Active,1,1,5,16,[N/A],[N/A],[N/A]
1784587132.6572,2398,2106,96,0,77,97.41,0x0000000000000000,Not Active,Not Active,Not Active,1,1,5,16,[N/A],[N/A],[N/A]
1784587132.7577,2392,2099,96,0,80,95.53,0x0000000000000004,Active,Not Active,Not Active,1,1,5,16,[N/A],[N/A],[N/A]
1784587132.858,2392,2099,96,0,80,95.53,0x0000000000000004,Active,Not Active,Not Active,1,1,5,16,[N/A],[N/A],[N/A]
1784587132.9585,2392,2099,96,0,80,95.53,0x0000000000000004,Active,Not Active,Not Active,1,1,5,16,[N/A],[N/A],[N/A]
1784587133.0589,2392,2099,96,0,80,95.53,0x0000000000000004,Active,Not Active,Not Active,1,1,5,16,[N/A],[N/A],[N/A]
1784587133.1592,2392,2099,96,0,80,95.53,0x0000000000000004,Active,Not Active,Not Active,1,1,5,16,[N/A],[N/A],[N/A]
1784587133.2597,2411,2112,96,0,78,87.87,0x0000000000000000,Not Active,Not Active,Not Active,1,1,5,16,[N/A],[N/A],[N/A]
1784587133.36,2411,2112,96,0,78,87.87,0x0000000000000000,Not Active,Not Active,Not Active,1,1,5,16,[N/A],[N/A],[N/A]
1784587133.4605,2411,2112,96,0,78,87.87,0x0000000000000000,Not Active,Not Active,Not Active,1,1,5,16,[N/A],[N/A],[N/A]
1784587133.561,2411,2112,96,0,78,87.87,0x0000000000000000,Not Active,Not Active,Not Active,1,1,5,16,[N/A],[N/A],[N/A]
1784587133.6616,2411,2112,96,0,78,87.87,0x0000000000000000,Not Active,Not Active,Not Active,1,1,5,16,[N/A],[N/A],[N/A]
1784587133.7621,2392,2086,96,0,80,88.15,0x0000000000000004,Active,Not Active,Not Active,1,1,5,16,[N/A],[N/A],[N/A]
1784587133.8626,2392,2086,96,0,80,88.15,0x0000000000000004,Active,Not Active,Not Active,1,1,5,16,[N/A],[N/A],[N/A]
1784587133.9629,2392,2086,96,0,80,88.15,0x0000000000000004,Active,Not Active,Not Active,1,1,5,16,[N/A],[N/A],[N/A]
1784587134.0634,2392,2086,96,0,80,88.15,0x0000000000000004,Active,Not Active,Not Active,1,1,5,16,[N/A],[N/A],[N/A]
1784587134.1641,2392,2086,96,0,80,88.15,0x0000000000000004,Active,Not Active,Not Active,1,1,5,16,[N/A],[N/A],[N/A]
1784587134.2643,2385,2093,96,0,78,97.66,0x0000000000000000,Not Active,Not Active,Not Active,1,1,5,16,[N/A],[N/A],[N/A]
1784587134.3648,2385,2093,96,0,78,97.66,0x0000000000000000,Not Active,Not Active,Not Active,1,1,5,16,[N/A],[N/A],[N/A]
1784587134.4657,2385,2093,96,0,78,97.66,0x0000000000000000,Not Active,Not Active,Not Active,1,1,5,16,[N/A],[N/A],[N/A]
1784587134.5667,2385,2093,96,0,78,97.66,0x0000000000000000,Not Active,Not Active,Not Active,1,1,5,16,[N/A],[N/A],[N/A]
1784587134.6679,2385,2093,96,0,78,97.66,0x0000000000000000,Not Active,Not Active,Not Active,1,1,5,16,[N/A],[N/A],[N/A]
1784587134.7681,2385,2086,96,0,80,97.48,0x0000000000000004,Active,Not Active,Not Active,1,1,5,16,[N/A],[N/A],[N/A]
1784587134.8683,2385,2086,96,0,80,97.48,0x0000000000000004,Active,Not Active,Not Active,1,1,5,16,[N/A],[N/A],[N/A]
1784587134.9686,2385,2086,96,0,80,97.48,0x0000000000000004,Active,Not Active,Not Active,1,1,5,16,[N/A],[N/A],[N/A]
1784587135.0689,2385,2086,96,0,80,97.48,0x0000000000000004,Active,Not Active,Not Active,1,1,5,16,[N/A],[N/A],[N/A]
1784587135.1696,2385,2086,96,0,80,97.48,0x0000000000000004,Active,Not Active,Not Active,1,1,5,16,[N/A],[N/A],[N/A]
1784587135.2698,2392,2093,96,0,78,97.44,0x0000000000000000,Not Active,Not Active,Not Active,1,1,5,16,[N/A],[N/A],[N/A]
1784587135.3703,2392,2093,96,0,78,97.44,0x0000000000000000,Not Active,Not Active,Not Active,1,1,5,16,[N/A],[N/A],[N/A]
1784587135.4708,2392,2093,96,0,78,97.44,0x0000000000000000,Not Active,Not Active,Not Active,1,1,5,16,[N/A],[N/A],[N/A]
1784587135.5711,2392,2093,96,0,78,97.44,0x0000000000000000,Not Active,Not Active,Not Active,1,1,5,16,[N/A],[N/A],[N/A]
1784587135.6713,2385,2093,96,0,80,97.55,0x0000000000000000,Not Active,Not Active,Not Active,1,1,5,16,[N/A],[N/A],[N/A]
1784587135.7719,2385,2093,96,0,80,97.55,0x0000000000000000,Not Active,Not Active,Not Active,1,1,5,16,[N/A],[N/A],[N/A]
1784587135.8724,2385,2093,96,0,80,97.55,0x0000000000000000,Not Active,Not Active,Not Active,1,1,5,16,[N/A],[N/A],[N/A]
1784587135.973,2385,2093,96,0,80,97.55,0x0000000000000000,Not Active,Not Active,Not Active,1,1,5,16,[N/A],[N/A],[N/A]
1784587136.0734,2385,2093,96,0,80,97.55,0x0000000000000000,Not Active,Not Active,Not Active,1,1,5,16,[N/A],[N/A],[N/A]
1784587136.1737,2385,2093,96,0,78,97.62,0x0000000000000000,Not Active,Not Active,Not Active,1,1,5,16,[N/A],[N/A],[N/A]
1784587136.2742,2385,2093,96,0,78,97.62,0x0000000000000000,Not Active,Not Active,Not Active,1,1,5,16,[N/A],[N/A],[N/A]
1784587136.3745,2385,2093,96,0,78,97.62,0x0000000000000000,Not Active,Not Active,Not Active,1,1,5,16,[N/A],[N/A],[N/A]
1784587136.4747,2385,2093,96,0,78,97.62,0x0000000000000000,Not Active,Not Active,Not Active,1,1,5,16,[N/A],[N/A],[N/A]
1784587136.5752,2385,2093,96,0,78,97.62,0x0000000000000000,Not Active,Not Active,Not Active,1,1,5,16,[N/A],[N/A],[N/A]
1784587136.6758,2379,2093,96,0,80,97.53,0x0000000000000000,Not Active,Not Active,Not Active,1,1,5,16,[N/A],[N/A],[N/A]
1784587136.776,2379,2093,96,0,80,97.53,0x0000000000000000,Not Active,Not Active,Not Active,1,1,5,16,[N/A],[N/A],[N/A]
1784587136.8763,2379,2093,96,0,80,97.53,0x0000000000000000,Not Active,Not Active,Not Active,1,1,5,16,[N/A],[N/A],[N/A]
1784587136.9765,2379,2093,96,0,80,97.53,0x0000000000000000,Not Active,Not Active,Not Active,1,1,5,16,[N/A],[N/A],[N/A]
1784587137.077,2379,2093,96,0,80,97.53,0x0000000000000000,Not Active,Not Active,Not Active,1,1,5,16,[N/A],[N/A],[N/A]
1784587137.1776,2385,2099,96,0,78,97.79,0x0000000000000004,Active,Not Active,Not Active,1,1,5,16,[N/A],[N/A],[N/A]
1784587137.2782,2385,2099,96,0,78,97.79,0x0000000000000004,Active,Not Active,Not Active,1,1,5,16,[N/A],[N/A],[N/A]
1784587137.3786,2385,2099,96,0,78,97.79,0x0000000000000004,Active,Not Active,Not Active,1,1,5,16,[N/A],[N/A],[N/A]
1784587137.4788,2385,2099,96,0,78,97.79,0x0000000000000004,Active,Not Active,Not Active,1,1,5,16,[N/A],[N/A],[N/A]
1784587137.5791,2385,2099,96,0,78,97.79,0x0000000000000004,Active,Not Active,Not Active,1,1,5,16,[N/A],[N/A],[N/A]
1784587137.6796,2385,2093,96,0,80,97.60,0x0000000000000000,Not Active,Not Active,Not Active,1,1,5,16,[N/A],[N/A],[N/A]
1784587137.7801,2385,2093,96,0,80,97.60,0x0000000000000000,Not Active,Not Active,Not Active,1,1,5,16,[N/A],[N/A],[N/A]
1784587137.8806,2385,2093,96,0,80,97.60,0x0000000000000000,Not Active,Not Active,Not Active,1,1,5,16,[N/A],[N/A],[N/A]
1784587137.9807,2385,2093,96,0,80,97.60,0x0000000000000000,Not Active,Not Active,Not Active,1,1,5,16,[N/A],[N/A],[N/A]
1784587138.081,2385,2093,96,0,80,97.60,0x0000000000000000,Not Active,Not Active,Not Active,1,1,5,16,[N/A],[N/A],[N/A]
1784587138.1815,2398,2093,96,0,81,97.70,0x0000000000000004,Active,Not Active,Not Active,1,1,5,16,[N/A],[N/A],[N/A]
1784587138.2817,2398,2093,96,0,81,97.70,0x0000000000000004,Active,Not Active,Not Active,1,1,5,16,[N/A],[N/A],[N/A]
1784587138.3819,2398,2093,96,0,81,97.70,0x0000000000000004,Active,Not Active,Not Active,1,1,5,16,[N/A],[N/A],[N/A]
1784587138.4822,2398,2093,96,0,81,97.70,0x0000000000000004,Active,Not Active,Not Active,1,1,5,16,[N/A],[N/A],[N/A]
1784587138.5823,2398,2093,96,0,81,97.70,0x0000000000000004,Active,Not Active,Not Active,1,1,5,16,[N/A],[N/A],[N/A]
1784587138.6828,2392,2093,96,0,80,97.49,0x0000000000000000,Not Active,Not Active,Not Active,1,1,5,16,[N/A],[N/A],[N/A]
1784587138.7833,2392,2093,96,0,80,97.49,0x0000000000000000,Not Active,Not Active,Not Active,1,1,5,16,[N/A],[N/A],[N/A]
1784587138.8835,2392,2093,96,0,80,97.49,0x0000000000000000,Not Active,Not Active,Not Active,1,1,5,16,[N/A],[N/A],[N/A]
1784587138.984,2392,2093,96,0,80,97.49,0x0000000000000000,Not Active,Not Active,Not Active,1,1,5,16,[N/A],[N/A],[N/A]
1784587139.0842,2392,2093,96,0,80,97.49,0x0000000000000000,Not Active,Not Active,Not Active,1,1,5,16,[N/A],[N/A],[N/A]
1784587139.1849,2392,2093,96,0,81,97.75,0x0000000000000004,Active,Not Active,Not Active,1,1,5,16,[N/A],[N/A],[N/A]
1784587139.2851,2392,2093,96,0,81,97.75,0x0000000000000004,Active,Not Active,Not Active,1,1,5,16,[N/A],[N/A],[N/A]
1784587139.3856,2392,2093,96,0,81,97.75,0x0000000000000004,Active,Not Active,Not Active,1,1,5,16,[N/A],[N/A],[N/A]
1784587139.4861,2392,2093,96,0,81,97.75,0x0000000000000004,Active,Not Active,Not Active,1,1,5,16,[N/A],[N/A],[N/A]
1784587139.5864,2392,2093,96,0,81,97.75,0x0000000000000004,Active,Not Active,Not Active,1,1,5,16,[N/A],[N/A],[N/A]
1784587139.6869,2385,2093,96,0,80,97.43,0x0000000000000000,Not Active,Not Active,Not Active,1,1,5,16,[N/A],[N/A],[N/A]
1784587139.7877,2385,2093,96,0,80,97.43,0x0000000000000000,Not Active,Not Active,Not Active,1,1,5,16,[N/A],[N/A],[N/A]
1784587139.8882,2385,2093,96,0,80,97.43,0x0000000000000000,Not Active,Not Active,Not Active,1,1,5,16,[N/A],[N/A],[N/A]
1784587139.9888,2385,2093,96,0,80,97.43,0x0000000000000000,Not Active,Not Active,Not Active,1,1,5,16,[N/A],[N/A],[N/A]
1784587140.089,2385,2093,96,0,80,97.43,0x0000000000000000,Not Active,Not Active,Not Active,1,1,5,16,[N/A],[N/A],[N/A]
1784587140.1895,2392,2099,96,0,81,97.56,0x0000000000000004,Active,Not Active,Not Active,1,1,5,16,[N/A],[N/A],[N/A]
1784587140.2901,2392,2099,96,0,81,97.56,0x0000000000000004,Active,Not Active,Not Active,1,1,5,16,[N/A],[N/A],[N/A]
1784587140.3906,2392,2099,96,0,81,97.56,0x0000000000000004,Active,Not Active,Not Active,1,1,5,16,[N/A],[N/A],[N/A]
1784587140.4909,2392,2099,96,0,81,97.56,0x0000000000000004,Active,Not Active,Not Active,1,1,5,16,[N/A],[N/A],[N/A]
1784587140.5914,2392,2099,96,0,81,97.56,0x0000000000000004,Active,Not Active,Not Active,1,1,5,16,[N/A],[N/A],[N/A]
1784587140.6917,2398,2093,96,0,80,97.47,0x0000000000000004,Active,Not Active,Not Active,1,1,5,16,[N/A],[N/A],[N/A]
1784587140.7921,2398,2093,96,0,80,97.47,0x0000000000000004,Active,Not Active,Not Active,1,1,5,16,[N/A],[N/A],[N/A]
1784587140.8926,2398,2093,96,0,80,97.47,0x0000000000000004,Active,Not Active,Not Active,1,1,5,16,[N/A],[N/A],[N/A]
1784587140.9929,2398,2093,96,0,80,97.47,0x0000000000000004,Active,Not Active,Not Active,1,1,5,16,[N/A],[N/A],[N/A]
1784587141.0932,2398,2093,96,0,80,97.47,0x0000000000000004,Active,Not Active,Not Active,1,1,5,16,[N/A],[N/A],[N/A]
1784587141.1934,2398,2093,96,0,81,97.77,0x0000000000000004,Active,Not Active,Not Active,1,1,5,16,[N/A],[N/A],[N/A]
1784587141.2939,2398,2093,96,0,81,97.77,0x0000000000000004,Active,Not Active,Not Active,1,1,5,16,[N/A],[N/A],[N/A]
1784587141.3944,2398,2093,96,0,81,97.77,0x0000000000000004,Active,Not Active,Not Active,1,1,5,16,[N/A],[N/A],[N/A]
1784587141.4949,2398,2093,96,0,81,97.77,0x0000000000000004,Active,Not Active,Not Active,1,1,5,16,[N/A],[N/A],[N/A]
1784587141.5954,2398,2093,96,0,81,97.77,0x0000000000000004,Active,Not Active,Not Active,1,1,5,16,[N/A],[N/A],[N/A]
1784587141.6959,2392,2093,96,0,80,97.48,0x0000000000000004,Active,Not Active,Not Active,1,1,5,16,[N/A],[N/A],[N/A]
1784587141.7964,2392,2093,96,0,80,97.48,0x0000000000000004,Active,Not Active,Not Active,1,1,5,16,[N/A],[N/A],[N/A]
1784587141.8969,2392,2093,96,0,80,97.48,0x0000000000000004,Active,Not Active,Not Active,1,1,5,16,[N/A],[N/A],[N/A]
1784587141.9971,2392,2093,96,0,80,97.48,0x0000000000000004,Active,Not Active,Not Active,1,1,5,16,[N/A],[N/A],[N/A]
1784587142.0974,2392,2093,96,0,80,97.48,0x0000000000000004,Active,Not Active,Not Active,1,1,5,16,[N/A],[N/A],[N/A]
1784587142.198,2385,2086,96,0,81,97.70,0x0000000000000004,Active,Not Active,Not Active,1,1,5,16,[N/A],[N/A],[N/A]
1784587142.2981,2385,2086,96,0,81,97.70,0x0000000000000004,Active,Not Active,Not Active,1,1,5,16,[N/A],[N/A],[N/A]
1784587142.3984,2385,2086,96,0,81,97.70,0x0000000000000004,Active,Not Active,Not Active,1,1,5,16,[N/A],[N/A],[N/A]
1784587142.4989,2385,2086,96,0,81,97.70,0x0000000000000004,Active,Not Active,Not Active,1,1,5,16,[N/A],[N/A],[N/A]
1784587142.5994,2385,2086,96,0,81,97.70,0x0000000000000004,Active,Not Active,Not Active,1,1,5,16,[N/A],[N/A],[N/A]
1784587142.6999,2418,2106,72,0,81,87.89,0x0000000000000000,Not Active,Not Active,Not Active,1,1,5,16,[N/A],[N/A],[N/A]
1784587142.8002,2418,2106,72,0,81,87.89,0x0000000000000000,Not Active,Not Active,Not Active,1,1,5,16,[N/A],[N/A],[N/A]
1784587142.9005,2418,2106,72,0,81,87.89,0x0000000000000000,Not Active,Not Active,Not Active,1,1,5,16,[N/A],[N/A],[N/A]
1784587143.0009,2418,2106,72,0,81,87.89,0x0000000000000000,Not Active,Not Active,Not Active,1,1,5,16,[N/A],[N/A],[N/A]
1784587143.1014,2418,2106,72,0,81,87.89,0x0000000000000000,Not Active,Not Active,Not Active,1,1,5,16,[N/A],[N/A],[N/A]
1784587143.2019,2385,2086,96,0,82,88.79,0x0000000000000004,Active,Not Active,Not Active,1,1,5,16,[N/A],[N/A],[N/A]
1784587143.3025,2385,2086,96,0,82,88.79,0x0000000000000004,Active,Not Active,Not Active,1,1,5,16,[N/A],[N/A],[N/A]
1784587143.4026,2385,2086,96,0,82,88.79,0x0000000000000004,Active,Not Active,Not Active,1,1,5,16,[N/A],[N/A],[N/A]
1784587143.5031,2385,2086,96,0,82,88.79,0x0000000000000004,Active,Not Active,Not Active,1,1,5,16,[N/A],[N/A],[N/A]
1784587143.6037,2385,2086,96,0,82,88.79,0x0000000000000004,Active,Not Active,Not Active,1,1,5,16,[N/A],[N/A],[N/A]
1784587143.7041,2385,2086,96,0,79,98.05,0x0000000000000000,Not Active,Not Active,Not Active,1,1,5,16,[N/A],[N/A],[N/A]
1784587143.8048,2385,2086,96,0,79,98.05,0x0000000000000000,Not Active,Not Active,Not Active,1,1,5,16,[N/A],[N/A],[N/A]
1784587143.9053,2385,2086,96,0,79,98.05,0x0000000000000000,Not Active,Not Active,Not Active,1,1,5,16,[N/A],[N/A],[N/A]
1784587144.006,2385,2086,96,0,79,98.05,0x0000000000000000,Not Active,Not Active,Not Active,1,1,5,16,[N/A],[N/A],[N/A]
1784587144.1066,2385,2086,96,0,79,98.05,0x0000000000000000,Not Active,Not Active,Not Active,1,1,5,16,[N/A],[N/A],[N/A]
1784587144.2075,2385,2086,96,0,82,97.36,0x0000000000000000,Not Active,Not Active,Not Active,1,1,5,16,[N/A],[N/A],[N/A]
1784587144.3075,2385,2086,96,0,82,97.36,0x0000000000000000,Not Active,Not Active,Not Active,1,1,5,16,[N/A],[N/A],[N/A]
1784587144.4078,2385,2086,96,0,82,97.36,0x0000000000000000,Not Active,Not Active,Not Active,1,1,5,16,[N/A],[N/A],[N/A]
1784587144.5085,2385,2086,96,0,82,97.36,0x0000000000000000,Not Active,Not Active,Not Active,1,1,5,16,[N/A],[N/A],[N/A]
1784587144.609,2385,2086,96,0,82,97.36,0x0000000000000000,Not Active,Not Active,Not Active,1,1,5,16,[N/A],[N/A],[N/A]
1784587144.7092,2392,2086,96,0,79,97.34,0x0000000000000000,Not Active,Not Active,Not Active,1,1,5,16,[N/A],[N/A],[N/A]
1784587144.8094,2392,2086,96,0,79,97.34,0x0000000000000000,Not Active,Not Active,Not Active,1,1,5,16,[N/A],[N/A],[N/A]
1784587144.91,2392,2086,96,0,79,97.34,0x0000000000000000,Not Active,Not Active,Not Active,1,1,5,16,[N/A],[N/A],[N/A]
1784587145.0105,2392,2086,96,0,79,97.34,0x0000000000000000,Not Active,Not Active,Not Active,1,1,5,16,[N/A],[N/A],[N/A]
1784587145.111,2392,2086,96,0,79,97.34,0x0000000000000000,Not Active,Not Active,Not Active,1,1,5,16,[N/A],[N/A],[N/A]
1784587145.2114,2392,2086,96,0,80,97.23,0x0000000000000000,Not Active,Not Active,Not Active,1,1,5,16,[N/A],[N/A],[N/A]
1784587145.3119,2392,2086,96,0,80,97.23,0x0000000000000000,Not Active,Not Active,Not Active,1,1,5,16,[N/A],[N/A],[N/A]
1784587145.4124,2392,2086,96,0,80,97.23,0x0000000000000000,Not Active,Not Active,Not Active,1,1,5,16,[N/A],[N/A],[N/A]
1784587145.5126,2392,2086,96,0,80,97.23,0x0000000000000000,Not Active,Not Active,Not Active,1,1,5,16,[N/A],[N/A],[N/A]
1784587145.6134,2392,2086,96,0,80,97.23,0x0000000000000000,Not Active,Not Active,Not Active,1,1,5,16,[N/A],[N/A],[N/A]
1784587145.7139,2392,2086,96,0,79,97.48,0x0000000000000000,Not Active,Not Active,Not Active,1,1,5,16,[N/A],[N/A],[N/A]
1784587145.8144,2392,2086,96,0,79,97.48,0x0000000000000000,Not Active,Not Active,Not Active,1,1,5,16,[N/A],[N/A],[N/A]
1784587145.9146,2392,2086,96,0,79,97.48,0x0000000000000000,Not Active,Not Active,Not Active,1,1,5,16,[N/A],[N/A],[N/A]
1784587146.0148,2392,2086,96,0,79,97.48,0x0000000000000000,Not Active,Not Active,Not Active,1,1,5,16,[N/A],[N/A],[N/A]
1784587146.1154,2392,2086,96,0,79,97.48,0x0000000000000000,Not Active,Not Active,Not Active,1,1,5,16,[N/A],[N/A],[N/A]
1784587146.2159,2385,2086,96,0,80,97.13,0x0000000000000000,Not Active,Not Active,Not Active,1,1,5,16,[N/A],[N/A],[N/A]
1784587146.3164,2385,2086,96,0,80,97.13,0x0000000000000000,Not Active,Not Active,Not Active,1,1,5,16,[N/A],[N/A],[N/A]
1784587146.4169,2385,2086,96,0,80,97.13,0x0000000000000000,Not Active,Not Active,Not Active,1,1,5,16,[N/A],[N/A],[N/A]
1784587146.5176,2385,2086,96,0,80,97.13,0x0000000000000000,Not Active,Not Active,Not Active,1,1,5,16,[N/A],[N/A],[N/A]
1784587146.6182,2385,2086,96,0,80,97.13,0x0000000000000000,Not Active,Not Active,Not Active,1,1,5,16,[N/A],[N/A],[N/A]
1784587146.7185,2392,2086,96,0,79,97.45,0x0000000000000000,Not Active,Not Active,Not Active,1,1,5,16,[N/A],[N/A],[N/A]
1784587146.819,2392,2086,96,0,79,97.45,0x0000000000000000,Not Active,Not Active,Not Active,1,1,5,16,[N/A],[N/A],[N/A]
1784587146.9195,2392,2086,96,0,79,97.45,0x0000000000000000,Not Active,Not Active,Not Active,1,1,5,16,[N/A],[N/A],[N/A]
1784587147.0198,2392,2086,96,0,79,97.45,0x0000000000000000,Not Active,Not Active,Not Active,1,1,5,16,[N/A],[N/A],[N/A]
1784587147.1199,2392,2086,96,0,79,97.45,0x0000000000000000,Not Active,Not Active,Not Active,1,1,5,16,[N/A],[N/A],[N/A]
1784587147.2205,2398,2093,96,0,80,97.13,0x0000000000000000,Not Active,Not Active,Not Active,1,1,5,16,[N/A],[N/A],[N/A]
1784587147.3209,2398,2093,96,0,80,97.13,0x0000000000000000,Not Active,Not Active,Not Active,1,1,5,16,[N/A],[N/A],[N/A]
1784587147.4214,2398,2093,96,0,80,97.13,0x0000000000000000,Not Active,Not Active,Not Active,1,1,5,16,[N/A],[N/A],[N/A]
1784587147.5219,2398,2093,96,0,80,97.13,0x0000000000000000,Not Active,Not Active,Not Active,1,1,5,16,[N/A],[N/A],[N/A]
1784587147.6221,2398,2093,96,0,80,97.13,0x0000000000000000,Not Active,Not Active,Not Active,1,1,5,16,[N/A],[N/A],[N/A]
1784587147.7228,2385,2086,96,0,79,97.37,0x0000000000000000,Not Active,Not Active,Not Active,1,1,5,16,[N/A],[N/A],[N/A]
1784587147.8233,2385,2086,96,0,79,97.37,0x0000000000000000,Not Active,Not Active,Not Active,1,1,5,16,[N/A],[N/A],[N/A]
1784587147.9236,2385,2086,96,0,79,97.37,0x0000000000000000,Not Active,Not Active,Not Active,1,1,5,16,[N/A],[N/A],[N/A]
1784587148.0241,2385,2086,96,0,79,97.37,0x0000000000000000,Not Active,Not Active,Not Active,1,1,5,16,[N/A],[N/A],[N/A]
1784587148.1246,2385,2086,96,0,79,97.37,0x0000000000000000,Not Active,Not Active,Not Active,1,1,5,16,[N/A],[N/A],[N/A]
1784587148.2248,2398,2086,96,0,80,97.19,0x0000000000000000,Not Active,Not Active,Not Active,1,1,5,16,[N/A],[N/A],[N/A]
1784587148.3258,2398,2086,96,0,80,97.19,0x0000000000000000,Not Active,Not Active,Not Active,1,1,5,16,[N/A],[N/A],[N/A]
1784587148.4258,2398,2086,96,0,80,97.19,0x0000000000000000,Not Active,Not Active,Not Active,1,1,5,16,[N/A],[N/A],[N/A]
1784587148.5273,2398,2086,96,0,80,97.19,0x0000000000000000,Not Active,Not Active,Not Active,1,1,5,16,[N/A],[N/A],[N/A]
1784587148.6275,2398,2086,96,0,80,97.19,0x0000000000000000,Not Active,Not Active,Not Active,1,1,5,16,[N/A],[N/A],[N/A]
1784587148.7276,2385,2086,96,0,80,97.40,0x0000000000000000,Not Active,Not Active,Not Active,1,1,5,16,[N/A],[N/A],[N/A]
1784587148.828,2385,2086,96,0,80,97.40,0x0000000000000000,Not Active,Not Active,Not Active,1,1,5,16,[N/A],[N/A],[N/A]
1784587148.9283,2385,2086,96,0,80,97.40,0x0000000000000000,Not Active,Not Active,Not Active,1,1,5,16,[N/A],[N/A],[N/A]
1784587149.0286,2385,2086,96,0,80,97.40,0x0000000000000000,Not Active,Not Active,Not Active,1,1,5,16,[N/A],[N/A],[N/A]
1784587149.1288,2385,2086,96,0,80,97.40,0x0000000000000000,Not Active,Not Active,Not Active,1,1,5,16,[N/A],[N/A],[N/A]
1784587149.2291,2385,2086,96,0,80,97.10,0x0000000000000000,Not Active,Not Active,Not Active,1,1,5,16,[N/A],[N/A],[N/A]
1784587149.3296,2385,2086,96,0,80,97.10,0x0000000000000000,Not Active,Not Active,Not Active,1,1,5,16,[N/A],[N/A],[N/A]
1784587149.4298,2385,2086,96,0,80,97.10,0x0000000000000000,Not Active,Not Active,Not Active,1,1,5,16,[N/A],[N/A],[N/A]
1784587149.5303,2385,2086,96,0,80,97.10,0x0000000000000000,Not Active,Not Active,Not Active,1,1,5,16,[N/A],[N/A],[N/A]
1784587149.6307,2385,2086,96,0,80,97.10,0x0000000000000000,Not Active,Not Active,Not Active,1,1,5,16,[N/A],[N/A],[N/A]
1784587149.7315,2385,2086,96,0,79,97.28,0x0000000000000004,Active,Not Active,Not Active,1,1,5,16,[N/A],[N/A],[N/A]
1784587149.8321,2385,2086,96,0,79,97.28,0x0000000000000004,Active,Not Active,Not Active,1,1,5,16,[N/A],[N/A],[N/A]
1784587149.9323,2385,2086,96,0,79,97.28,0x0000000000000004,Active,Not Active,Not Active,1,1,5,16,[N/A],[N/A],[N/A]
1784587150.0329,2385,2086,96,0,79,97.28,0x0000000000000004,Active,Not Active,Not Active,1,1,5,16,[N/A],[N/A],[N/A]
1784587150.1335,2385,2086,96,0,79,97.28,0x0000000000000004,Active,Not Active,Not Active,1,1,5,16,[N/A],[N/A],[N/A]
1784587150.2339,2385,2086,96,0,80,96.89,0x0000000000000000,Not Active,Not Active,Not Active,1,1,5,16,[N/A],[N/A],[N/A]
1784587150.3342,2385,2086,96,0,80,96.89,0x0000000000000000,Not Active,Not Active,Not Active,1,1,5,16,[N/A],[N/A],[N/A]
1784587150.4347,2385,2086,96,0,80,96.89,0x0000000000000000,Not Active,Not Active,Not Active,1,1,5,16,[N/A],[N/A],[N/A]
1784587150.5352,2385,2086,96,0,80,96.89,0x0000000000000000,Not Active,Not Active,Not Active,1,1,5,16,[N/A],[N/A],[N/A]
1784587150.6357,2385,2086,96,0,80,96.89,0x0000000000000000,Not Active,Not Active,Not Active,1,1,5,16,[N/A],[N/A],[N/A]
1784587150.7365,2385,2086,96,0,81,96.35,0x0000000000000004,Active,Not Active,Not Active,1,1,5,16,[N/A],[N/A],[N/A]
1784587150.8367,2385,2086,96,0,81,96.35,0x0000000000000004,Active,Not Active,Not Active,1,1,5,16,[N/A],[N/A],[N/A]
1784587150.9372,2385,2086,96,0,81,96.35,0x0000000000000004,Active,Not Active,Not Active,1,1,5,16,[N/A],[N/A],[N/A]
1784587151.0377,2385,2086,96,0,81,96.35,0x0000000000000004,Active,Not Active,Not Active,1,1,5,16,[N/A],[N/A],[N/A]
1784587151.1382,2385,2086,96,0,81,96.35,0x0000000000000004,Active,Not Active,Not Active,1,1,5,16,[N/A],[N/A],[N/A]
1784587151.2389,2385,2093,96,0,81,96.30,0x0000000000000000,Not Active,Not Active,Not Active,1,1,5,16,[N/A],[N/A],[N/A]
1784587151.3394,2385,2093,96,0,81,96.30,0x0000000000000000,Not Active,Not Active,Not Active,1,1,5,16,[N/A],[N/A],[N/A]
1784587151.4401,2385,2093,96,0,81,96.30,0x0000000000000000,Not Active,Not Active,Not Active,1,1,5,16,[N/A],[N/A],[N/A]
1784587151.5405,2385,2093,96,0,81,96.30,0x0000000000000000,Not Active,Not Active,Not Active,1,1,5,16,[N/A],[N/A],[N/A]
1784587151.6411,2385,2093,96,0,81,96.30,0x0000000000000000,Not Active,Not Active,Not Active,1,1,5,16,[N/A],[N/A],[N/A]
1784587151.7413,2385,2086,96,0,81,96.26,0x0000000000000004,Active,Not Active,Not Active,1,1,5,16,[N/A],[N/A],[N/A]
1784587151.8422,2385,2086,96,0,81,96.26,0x0000000000000004,Active,Not Active,Not Active,1,1,5,16,[N/A],[N/A],[N/A]
1784587151.9422,2385,2086,96,0,81,96.26,0x0000000000000004,Active,Not Active,Not Active,1,1,5,16,[N/A],[N/A],[N/A]
1784587152.0438,2385,2086,96,0,81,96.26,0x0000000000000004,Active,Not Active,Not Active,1,1,5,16,[N/A],[N/A],[N/A]
1784587152.1438,2385,2086,96,0,81,96.26,0x0000000000000004,Active,Not Active,Not Active,1,1,5,16,[N/A],[N/A],[N/A]
1784587152.2443,2418,2112,42,0,81,84.23,0x0000000000000000,Not Active,Not Active,Not Active,1,1,5,16,[N/A],[N/A],[N/A]
1784587152.3456,2418,2112,42,0,81,84.23,0x0000000000000000,Not Active,Not Active,Not Active,1,1,5,16,[N/A],[N/A],[N/A]
1784587152.446,2418,2112,42,0,81,84.23,0x0000000000000000,Not Active,Not Active,Not Active,1,1,5,16,[N/A],[N/A],[N/A]
1784587152.5472,2418,2112,42,0,81,84.23,0x0000000000000000,Not Active,Not Active,Not Active,1,1,5,16,[N/A],[N/A],[N/A]
1784587152.6475,2418,2112,42,0,81,84.23,0x0000000000000000,Not Active,Not Active,Not Active,1,1,5,16,[N/A],[N/A],[N/A]
1784587152.748,2398,2086,96,0,76,86.31,0x0000000000000000,Not Active,Not Active,Not Active,1,1,5,16,[N/A],[N/A],[N/A]
1784587152.8485,2398,2086,96,0,76,86.31,0x0000000000000000,Not Active,Not Active,Not Active,1,1,5,16,[N/A],[N/A],[N/A]
1784587152.9488,2398,2086,96,0,76,86.31,0x0000000000000000,Not Active,Not Active,Not Active,1,1,5,16,[N/A],[N/A],[N/A]
1784587153.0493,2398,2086,96,0,76,86.31,0x0000000000000000,Not Active,Not Active,Not Active,1,1,5,16,[N/A],[N/A],[N/A]
1784587153.1497,2398,2086,96,0,76,86.31,0x0000000000000000,Not Active,Not Active,Not Active,1,1,5,16,[N/A],[N/A],[N/A]
1784587153.2502,2385,2086,96,0,81,98.33,0x0000000000000000,Not Active,Not Active,Not Active,1,1,5,16,[N/A],[N/A],[N/A]
1784587153.3507,2385,2086,96,0,81,98.33,0x0000000000000000,Not Active,Not Active,Not Active,1,1,5,16,[N/A],[N/A],[N/A]
1784587153.4512,2385,2086,96,0,81,98.33,0x0000000000000000,Not Active,Not Active,Not Active,1,1,5,16,[N/A],[N/A],[N/A]
1784587153.5516,2385,2086,96,0,81,98.33,0x0000000000000000,Not Active,Not Active,Not Active,1,1,5,16,[N/A],[N/A],[N/A]
1784587153.6522,2385,2086,96,0,81,98.33,0x0000000000000000,Not Active,Not Active,Not Active,1,1,5,16,[N/A],[N/A],[N/A]
1784587153.7524,2385,2086,96,0,76,97.80,0x0000000000000000,Not Active,Not Active,Not Active,1,1,5,16,[N/A],[N/A],[N/A]
1784587153.8527,2385,2086,96,0,76,97.80,0x0000000000000000,Not Active,Not Active,Not Active,1,1,5,16,[N/A],[N/A],[N/A]
1784587153.953,2385,2086,96,0,76,97.80,0x0000000000000000,Not Active,Not Active,Not Active,1,1,5,16,[N/A],[N/A],[N/A]
1784587154.0532,2385,2086,96,0,76,97.80,0x0000000000000000,Not Active,Not Active,Not Active,1,1,5,16,[N/A],[N/A],[N/A]
1784587154.1538,2385,2086,96,0,76,97.80,0x0000000000000000,Not Active,Not Active,Not Active,1,1,5,16,[N/A],[N/A],[N/A]
1784587154.2543,2385,2086,96,0,81,97.60,0x0000000000000000,Not Active,Not Active,Not Active,1,1,5,16,[N/A],[N/A],[N/A]
1784587154.3547,2385,2086,96,0,81,97.60,0x0000000000000000,Not Active,Not Active,Not Active,1,1,5,16,[N/A],[N/A],[N/A]
1784587154.4552,2385,2086,96,0,81,97.60,0x0000000000000000,Not Active,Not Active,Not Active,1,1,5,16,[N/A],[N/A],[N/A]
1784587154.5555,2385,2086,96,0,81,97.60,0x0000000000000000,Not Active,Not Active,Not Active,1,1,5,16,[N/A],[N/A],[N/A]
1784587154.656,2385,2086,96,0,81,97.60,0x0000000000000000,Not Active,Not Active,Not Active,1,1,5,16,[N/A],[N/A],[N/A]
1784587154.7565,2392,2086,96,0,77,97.64,0x0000000000000000,Not Active,Not Active,Not Active,1,1,5,16,[N/A],[N/A],[N/A]
1784587154.8572,2392,2086,96,0,77,97.64,0x0000000000000000,Not Active,Not Active,Not Active,1,1,5,16,[N/A],[N/A],[N/A]
1784587154.9575,2392,2086,96,0,77,97.64,0x0000000000000000,Not Active,Not Active,Not Active,1,1,5,16,[N/A],[N/A],[N/A]
1784587155.0581,2392,2086,96,0,77,97.64,0x0000000000000000,Not Active,Not Active,Not Active,1,1,5,16,[N/A],[N/A],[N/A]
1784587155.1586,2392,2086,96,0,77,97.64,0x0000000000000000,Not Active,Not Active,Not Active,1,1,5,16,[N/A],[N/A],[N/A]
1784587155.2591,2392,2093,96,0,81,97.42,0x0000000000000000,Not Active,Not Active,Not Active,1,1,5,16,[N/A],[N/A],[N/A]
1784587155.3599,2392,2093,96,0,81,97.42,0x0000000000000000,Not Active,Not Active,Not Active,1,1,5,16,[N/A],[N/A],[N/A]
1784587155.4602,2392,2093,96,0,81,97.42,0x0000000000000000,Not Active,Not Active,Not Active,1,1,5,16,[N/A],[N/A],[N/A]
1784587155.5605,2392,2093,96,0,81,97.42,0x0000000000000000,Not Active,Not Active,Not Active,1,1,5,16,[N/A],[N/A],[N/A]
1784587155.6608,2392,2093,96,0,81,97.42,0x0000000000000000,Not Active,Not Active,Not Active,1,1,5,16,[N/A],[N/A],[N/A]
1784587155.7614,2392,2086,96,0,78,97.60,0x0000000000000000,Not Active,Not Active,Not Active,1,1,5,16,[N/A],[N/A],[N/A]
1784587155.8615,2392,2086,96,0,78,97.60,0x0000000000000000,Not Active,Not Active,Not Active,1,1,5,16,[N/A],[N/A],[N/A]
1784587155.962,2392,2086,96,0,78,97.60,0x0000000000000000,Not Active,Not Active,Not Active,1,1,5,16,[N/A],[N/A],[N/A]
1784587156.0623,2392,2086,96,0,78,97.60,0x0000000000000000,Not Active,Not Active,Not Active,1,1,5,16,[N/A],[N/A],[N/A]
1784587156.1627,2392,2086,96,0,78,97.60,0x0000000000000000,Not Active,Not Active,Not Active,1,1,5,16,[N/A],[N/A],[N/A]
1784587156.2632,2392,2093,96,0,81,97.61,0x0000000000000000,Not Active,Not Active,Not Active,1,1,5,16,[N/A],[N/A],[N/A]
1784587156.3637,2392,2093,96,0,81,97.61,0x0000000000000000,Not Active,Not Active,Not Active,1,1,5,16,[N/A],[N/A],[N/A]
1784587156.464,2392,2093,96,0,81,97.61,0x0000000000000000,Not Active,Not Active,Not Active,1,1,5,16,[N/A],[N/A],[N/A]
1784587156.5647,2392,2093,96,0,81,97.61,0x0000000000000000,Not Active,Not Active,Not Active,1,1,5,16,[N/A],[N/A],[N/A]
1784587156.6652,2392,2093,96,0,81,97.61,0x0000000000000000,Not Active,Not Active,Not Active,1,1,5,16,[N/A],[N/A],[N/A]
1784587156.7653,2398,2086,96,0,79,97.69,0x0000000000000004,Active,Not Active,Not Active,1,1,5,16,[N/A],[N/A],[N/A]
1784587156.8655,2398,2086,96,0,79,97.69,0x0000000000000004,Active,Not Active,Not Active,1,1,5,16,[N/A],[N/A],[N/A]
1784587156.9662,2398,2086,96,0,79,97.69,0x0000000000000004,Active,Not Active,Not Active,1,1,5,16,[N/A],[N/A],[N/A]
1784587157.0666,2398,2086,96,0,79,97.69,0x0000000000000004,Active,Not Active,Not Active,1,1,5,16,[N/A],[N/A],[N/A]
1784587157.1672,2398,2086,96,0,79,97.69,0x0000000000000004,Active,Not Active,Not Active,1,1,5,16,[N/A],[N/A],[N/A]
1784587157.2676,2392,2093,96,0,81,97.39,0x0000000000000000,Not Active,Not Active,Not Active,1,1,5,16,[N/A],[N/A],[N/A]
1784587157.3683,2392,2093,96,0,81,97.39,0x0000000000000000,Not Active,Not Active,Not Active,1,1,5,16,[N/A],[N/A],[N/A]
1784587157.4686,2392,2093,96,0,81,97.39,0x0000000000000000,Not Active,Not Active,Not Active,1,1,5,16,[N/A],[N/A],[N/A]
1784587157.5691,2392,2093,96,0,81,97.39,0x0000000000000000,Not Active,Not Active,Not Active,1,1,5,16,[N/A],[N/A],[N/A]
1784587157.6696,2392,2093,96,0,81,97.39,0x0000000000000000,Not Active,Not Active,Not Active,1,1,5,16,[N/A],[N/A],[N/A]
1784587157.7698,2392,2086,96,0,82,97.53,0x0000000000000004,Active,Not Active,Not Active,1,1,5,16,[N/A],[N/A],[N/A]
1784587157.8704,2392,2086,96,0,82,97.53,0x0000000000000004,Active,Not Active,Not Active,1,1,5,16,[N/A],[N/A],[N/A]
1784587157.9708,2392,2086,96,0,82,97.53,0x0000000000000004,Active,Not Active,Not Active,1,1,5,16,[N/A],[N/A],[N/A]
1784587158.0713,2392,2086,96,0,82,97.53,0x0000000000000004,Active,Not Active,Not Active,1,1,5,16,[N/A],[N/A],[N/A]
1784587158.1717,2392,2086,96,0,82,97.53,0x0000000000000004,Active,Not Active,Not Active,1,1,5,16,[N/A],[N/A],[N/A]
1784587158.272,2392,2093,96,0,81,97.29,0x0000000000000000,Not Active,Not Active,Not Active,1,1,5,16,[N/A],[N/A],[N/A]
1784587158.3725,2392,2093,96,0,81,97.29,0x0000000000000000,Not Active,Not Active,Not Active,1,1,5,16,[N/A],[N/A],[N/A]
1784587158.473,2392,2093,96,0,81,97.29,0x0000000000000000,Not Active,Not Active,Not Active,1,1,5,16,[N/A],[N/A],[N/A]
1784587158.5733,2392,2093,96,0,81,97.29,0x0000000000000000,Not Active,Not Active,Not Active,1,1,5,16,[N/A],[N/A],[N/A]
1784587158.6738,2392,2093,96,0,81,97.29,0x0000000000000000,Not Active,Not Active,Not Active,1,1,5,16,[N/A],[N/A],[N/A]
1784587158.7741,2392,2086,96,0,82,97.45,0x0000000000000004,Active,Not Active,Not Active,1,1,5,16,[N/A],[N/A],[N/A]
1784587158.8746,2392,2086,96,0,82,97.45,0x0000000000000004,Active,Not Active,Not Active,1,1,5,16,[N/A],[N/A],[N/A]
1784587158.9751,2392,2086,96,0,82,97.45,0x0000000000000004,Active,Not Active,Not Active,1,1,5,16,[N/A],[N/A],[N/A]
1784587159.0756,2392,2086,96,0,82,97.45,0x0000000000000004,Active,Not Active,Not Active,1,1,5,16,[N/A],[N/A],[N/A]
1784587159.1763,2392,2086,96,0,82,97.45,0x0000000000000004,Active,Not Active,Not Active,1,1,5,16,[N/A],[N/A],[N/A]
1784587159.2767,2385,2086,96,0,77,97.23,0x0000000000000000,Not Active,Not Active,Not Active,1,1,5,16,[N/A],[N/A],[N/A]
1784587159.3769,2385,2086,96,0,77,97.23,0x0000000000000000,Not Active,Not Active,Not Active,1,1,5,16,[N/A],[N/A],[N/A]
1784587159.4775,2385,2086,96,0,77,97.23,0x0000000000000000,Not Active,Not Active,Not Active,1,1,5,16,[N/A],[N/A],[N/A]
1784587159.5777,2385,2086,96,0,77,97.23,0x0000000000000000,Not Active,Not Active,Not Active,1,1,5,16,[N/A],[N/A],[N/A]
1784587159.6783,2385,2086,96,0,77,97.23,0x0000000000000000,Not Active,Not Active,Not Active,1,1,5,16,[N/A],[N/A],[N/A]
1784587159.7787,2385,2086,96,0,81,97.42,0x0000000000000004,Active,Not Active,Not Active,1,1,5,16,[N/A],[N/A],[N/A]
1784587159.8792,2385,2086,96,0,81,97.42,0x0000000000000004,Active,Not Active,Not Active,1,1,5,16,[N/A],[N/A],[N/A]
1784587159.9799,2385,2086,96,0,81,97.42,0x0000000000000004,Active,Not Active,Not Active,1,1,5,16,[N/A],[N/A],[N/A]
1784587160.0803,2385,2086,96,0,81,97.42,0x0000000000000004,Active,Not Active,Not Active,1,1,5,16,[N/A],[N/A],[N/A]
1784587160.1807,2385,2086,96,0,81,97.42,0x0000000000000004,Active,Not Active,Not Active,1,1,5,16,[N/A],[N/A],[N/A]
1784587160.281,2392,2086,96,0,77,96.90,0x0000000000000000,Not Active,Not Active,Not Active,1,1,5,16,[N/A],[N/A],[N/A]
1784587160.3813,2392,2086,96,0,77,96.90,0x0000000000000000,Not Active,Not Active,Not Active,1,1,5,16,[N/A],[N/A],[N/A]
1784587160.4818,2392,2086,96,0,77,96.90,0x0000000000000000,Not Active,Not Active,Not Active,1,1,5,16,[N/A],[N/A],[N/A]
1784587160.5825,2392,2086,96,0,77,96.90,0x0000000000000000,Not Active,Not Active,Not Active,1,1,5,16,[N/A],[N/A],[N/A]
1784587160.6828,2392,2086,96,0,77,96.90,0x0000000000000000,Not Active,Not Active,Not Active,1,1,5,16,[N/A],[N/A],[N/A]
1784587160.7833,2379,2080,96,0,81,96.48,0x0000000000000004,Active,Not Active,Not Active,1,1,5,16,[N/A],[N/A],[N/A]
1784587160.8839,2379,2080,96,0,81,96.48,0x0000000000000004,Active,Not Active,Not Active,1,1,5,16,[N/A],[N/A],[N/A]
1784587160.9844,2379,2080,96,0,81,96.48,0x0000000000000004,Active,Not Active,Not Active,1,1,5,16,[N/A],[N/A],[N/A]
1784587161.0859,2379,2080,96,0,81,96.48,0x0000000000000004,Active,Not Active,Not Active,1,1,5,16,[N/A],[N/A],[N/A]
1784587161.1865,2379,2080,96,0,81,96.48,0x0000000000000004,Active,Not Active,Not Active,1,1,5,16,[N/A],[N/A],[N/A]
1784587161.2867,2385,2086,96,0,78,96.32,0x0000000000000000,Not Active,Not Active,Not Active,1,1,5,16,[N/A],[N/A],[N/A]
1784587161.3873,2385,2086,96,0,78,96.32,0x0000000000000000,Not Active,Not Active,Not Active,1,1,5,16,[N/A],[N/A],[N/A]
1784587161.4875,2385,2086,96,0,78,96.32,0x0000000000000000,Not Active,Not Active,Not Active,1,1,5,16,[N/A],[N/A],[N/A]
1784587161.5892,2385,2086,96,0,78,96.32,0x0000000000000000,Not Active,Not Active,Not Active,1,1,5,16,[N/A],[N/A],[N/A]
1784587161.6898,2385,2086,96,0,81,90.07,0x0000000000000004,Active,Not Active,Not Active,1,1,5,16,[N/A],[N/A],[N/A]
1784587161.7903,2385,2086,96,0,81,90.07,0x0000000000000004,Active,Not Active,Not Active,1,1,5,16,[N/A],[N/A],[N/A]
1784587161.8907,2385,2086,96,0,81,90.07,0x0000000000000004,Active,Not Active,Not Active,1,1,5,16,[N/A],[N/A],[N/A]
1784587161.9909,2385,2086,96,0,81,90.07,0x0000000000000004,Active,Not Active,Not Active,1,1,5,16,[N/A],[N/A],[N/A]
1784587162.0912,2385,2086,96,0,81,90.07,0x0000000000000004,Active,Not Active,Not Active,1,1,5,16,[N/A],[N/A],[N/A]
1784587162.1914,2392,2086,96,0,81,89.39,0x0000000000000004,Active,Not Active,Not Active,1,1,5,16,[N/A],[N/A],[N/A]
1784587162.2919,2392,2086,96,0,81,89.39,0x0000000000000004,Active,Not Active,Not Active,1,1,5,16,[N/A],[N/A],[N/A]
1784587162.3925,2392,2086,96,0,81,89.39,0x0000000000000004,Active,Not Active,Not Active,1,1,5,16,[N/A],[N/A],[N/A]
1784587162.4927,2392,2086,96,0,81,89.39,0x0000000000000004,Active,Not Active,Not Active,1,1,5,16,[N/A],[N/A],[N/A]
1784587162.5929,2392,2086,96,0,81,89.39,0x0000000000000004,Active,Not Active,Not Active,1,1,5,16,[N/A],[N/A],[N/A]
1784587162.6935,2385,2086,96,0,79,90.01,0x0000000000000000,Not Active,Not Active,Not Active,1,1,5,16,[N/A],[N/A],[N/A]
1784587162.7941,2385,2086,96,0,79,90.01,0x0000000000000000,Not Active,Not Active,Not Active,1,1,5,16,[N/A],[N/A],[N/A]
1784587162.8946,2385,2086,96,0,79,90.01,0x0000000000000000,Not Active,Not Active,Not Active,1,1,5,16,[N/A],[N/A],[N/A]
1784587162.9949,2385,2086,96,0,79,90.01,0x0000000000000000,Not Active,Not Active,Not Active,1,1,5,16,[N/A],[N/A],[N/A]
1784587163.0955,2385,2086,96,0,79,90.01,0x0000000000000000,Not Active,Not Active,Not Active,1,1,5,16,[N/A],[N/A],[N/A]
1784587163.1958,2379,2080,96,0,81,97.21,0x0000000000000004,Active,Not Active,Not Active,1,1,5,16,[N/A],[N/A],[N/A]
1784587163.2963,2379,2080,96,0,81,97.21,0x0000000000000004,Active,Not Active,Not Active,1,1,5,16,[N/A],[N/A],[N/A]
1784587163.3967,2379,2080,96,0,81,97.21,0x0000000000000004,Active,Not Active,Not Active,1,1,5,16,[N/A],[N/A],[N/A]
1784587163.4971,2379,2080,96,0,81,97.21,0x0000000000000004,Active,Not Active,Not Active,1,1,5,16,[N/A],[N/A],[N/A]
1784587163.5973,2379,2080,96,0,81,97.21,0x0000000000000004,Active,Not Active,Not Active,1,1,5,16,[N/A],[N/A],[N/A]
1784587163.6977,2379,2080,96,0,80,97.21,0x0000000000000004,Active,Not Active,Not Active,1,1,5,16,[N/A],[N/A],[N/A]
1784587163.7982,2379,2080,96,0,80,97.21,0x0000000000000004,Active,Not Active,Not Active,1,1,5,16,[N/A],[N/A],[N/A]
1784587163.899,2379,2080,96,0,80,97.21,0x0000000000000004,Active,Not Active,Not Active,1,1,5,16,[N/A],[N/A],[N/A]
1784587163.9996,2379,2080,96,0,80,97.21,0x0000000000000004,Active,Not Active,Not Active,1,1,5,16,[N/A],[N/A],[N/A]
1784587164.0998,2379,2080,96,0,80,97.21,0x0000000000000004,Active,Not Active,Not Active,1,1,5,16,[N/A],[N/A],[N/A]
1784587164.2008,2385,2086,96,0,80,97.03,0x0000000000000004,Active,Not Active,Not Active,1,1,5,16,[N/A],[N/A],[N/A]
1784587164.3006,2385,2086,96,0,80,97.03,0x0000000000000004,Active,Not Active,Not Active,1,1,5,16,[N/A],[N/A],[N/A]
1784587164.4008,2385,2086,96,0,80,97.03,0x0000000000000004,Active,Not Active,Not Active,1,1,5,16,[N/A],[N/A],[N/A]
1784587164.5011,2385,2086,96,0,80,97.03,0x0000000000000004,Active,Not Active,Not Active,1,1,5,16,[N/A],[N/A],[N/A]
1784587164.6016,2385,2086,96,0,80,97.03,0x0000000000000004,Active,Not Active,Not Active,1,1,5,16,[N/A],[N/A],[N/A]
1784587164.7019,2385,2086,96,0,81,97.09,0x0000000000000000,Not Active,Not Active,Not Active,1,1,5,16,[N/A],[N/A],[N/A]
1784587164.8024,2385,2086,96,0,81,97.09,0x0000000000000000,Not Active,Not Active,Not Active,1,1,5,16,[N/A],[N/A],[N/A]
1784587164.903,2385,2086,96,0,81,97.09,0x0000000000000000,Not Active,Not Active,Not Active,1,1,5,16,[N/A],[N/A],[N/A]
1784587165.0035,2385,2086,96,0,81,97.09,0x0000000000000000,Not Active,Not Active,Not Active,1,1,5,16,[N/A],[N/A],[N/A]
1784587165.104,2385,2086,96,0,81,97.09,0x0000000000000000,Not Active,Not Active,Not Active,1,1,5,16,[N/A],[N/A],[N/A]
1784587165.2045,2385,2086,96,0,80,96.94,0x0000000000000000,Not Active,Not Active,Not Active,1,1,5,16,[N/A],[N/A],[N/A]
1784587165.3048,2385,2086,96,0,80,96.94,0x0000000000000000,Not Active,Not Active,Not Active,1,1,5,16,[N/A],[N/A],[N/A]
1784587165.4057,2385,2086,96,0,80,96.94,0x0000000000000000,Not Active,Not Active,Not Active,1,1,5,16,[N/A],[N/A],[N/A]
1784587165.506,2385,2086,96,0,80,96.94,0x0000000000000000,Not Active,Not Active,Not Active,1,1,5,16,[N/A],[N/A],[N/A]
1784587165.6065,2385,2086,96,0,80,96.94,0x0000000000000000,Not Active,Not Active,Not Active,1,1,5,16,[N/A],[N/A],[N/A]
1784587165.7067,2392,2086,96,0,80,97.11,0x0000000000000004,Active,Not Active,Not Active,1,1,5,16,[N/A],[N/A],[N/A]
1784587165.8075,2392,2086,96,0,80,97.11,0x0000000000000004,Active,Not Active,Not Active,1,1,5,16,[N/A],[N/A],[N/A]
1784587165.9078,2392,2086,96,0,80,97.11,0x0000000000000004,Active,Not Active,Not Active,1,1,5,16,[N/A],[N/A],[N/A]
1784587166.0079,2392,2086,96,0,80,97.11,0x0000000000000004,Active,Not Active,Not Active,1,1,5,16,[N/A],[N/A],[N/A]
1784587166.1081,2392,2086,96,0,80,97.11,0x0000000000000004,Active,Not Active,Not Active,1,1,5,16,[N/A],[N/A],[N/A]
1784587166.2083,2379,2086,96,0,80,96.99,0x0000000000000000,Not Active,Not Active,Not Active,1,1,5,16,[N/A],[N/A],[N/A]
1784587166.3088,2379,2086,96,0,80,96.99,0x0000000000000000,Not Active,Not Active,Not Active,1,1,5,16,[N/A],[N/A],[N/A]
1784587166.4094,2379,2086,96,0,80,96.99,0x0000000000000000,Not Active,Not Active,Not Active,1,1,5,16,[N/A],[N/A],[N/A]
1784587166.5098,2379,2086,96,0,80,96.99,0x0000000000000000,Not Active,Not Active,Not Active,1,1,5,16,[N/A],[N/A],[N/A]
1784587166.6105,2379,2086,96,0,80,96.99,0x0000000000000000,Not Active,Not Active,Not Active,1,1,5,16,[N/A],[N/A],[N/A]
1784587166.7106,2385,2086,96,0,78,97.04,0x0000000000000000,Not Active,Not Active,Not Active,1,1,5,16,[N/A],[N/A],[N/A]
1784587166.8111,2385,2086,96,0,78,97.04,0x0000000000000000,Not Active,Not Active,Not Active,1,1,5,16,[N/A],[N/A],[N/A]
1784587166.9116,2385,2086,96,0,78,97.04,0x0000000000000000,Not Active,Not Active,Not Active,1,1,5,16,[N/A],[N/A],[N/A]
1784587167.0121,2385,2086,96,0,78,97.04,0x0000000000000000,Not Active,Not Active,Not Active,1,1,5,16,[N/A],[N/A],[N/A]
1784587167.1126,2385,2086,96,0,78,97.04,0x0000000000000000,Not Active,Not Active,Not Active,1,1,5,16,[N/A],[N/A],[N/A]
1784587167.2131,2385,2086,96,0,81,96.67,0x0000000000000000,Not Active,Not Active,Not Active,1,1,5,16,[N/A],[N/A],[N/A]
1784587167.3136,2385,2086,96,0,81,96.67,0x0000000000000000,Not Active,Not Active,Not Active,1,1,5,16,[N/A],[N/A],[N/A]
1784587167.4138,2385,2086,96,0,81,96.67,0x0000000000000000,Not Active,Not Active,Not Active,1,1,5,16,[N/A],[N/A],[N/A]
1784587167.5144,2385,2086,96,0,81,96.67,0x0000000000000000,Not Active,Not Active,Not Active,1,1,5,16,[N/A],[N/A],[N/A]
1784587167.6147,2385,2086,96,0,81,96.67,0x0000000000000000,Not Active,Not Active,Not Active,1,1,5,16,[N/A],[N/A],[N/A]
1784587167.715,2385,2080,96,0,75,96.12,0x0000000000000000,Not Active,Not Active,Not Active,1,1,5,16,[N/A],[N/A],[N/A]
1784587167.8152,2385,2080,96,0,75,96.12,0x0000000000000000,Not Active,Not Active,Not Active,1,1,5,16,[N/A],[N/A],[N/A]
1784587167.9155,2385,2080,96,0,75,96.12,0x0000000000000000,Not Active,Not Active,Not Active,1,1,5,16,[N/A],[N/A],[N/A]
1784587168.0157,2385,2080,96,0,75,96.12,0x0000000000000000,Not Active,Not Active,Not Active,1,1,5,16,[N/A],[N/A],[N/A]
1784587168.1163,2385,2080,96,0,75,96.12,0x0000000000000000,Not Active,Not Active,Not Active,1,1,5,16,[N/A],[N/A],[N/A]
1784587168.2165,2392,2086,96,0,81,95.62,0x0000000000000000,Not Active,Not Active,Not Active,1,1,5,16,[N/A],[N/A],[N/A]
1784587168.3168,2392,2086,96,0,81,95.62,0x0000000000000000,Not Active,Not Active,Not Active,1,1,5,16,[N/A],[N/A],[N/A]
1784587168.4171,2392,2086,96,0,81,95.62,0x0000000000000000,Not Active,Not Active,Not Active,1,1,5,16,[N/A],[N/A],[N/A]
1784587168.5176,2392,2086,96,0,81,95.62,0x0000000000000000,Not Active,Not Active,Not Active,1,1,5,16,[N/A],[N/A],[N/A]
1784587168.6179,2392,2086,96,0,81,95.62,0x0000000000000000,Not Active,Not Active,Not Active,1,1,5,16,[N/A],[N/A],[N/A]
1784587168.7182,2385,2080,96,0,77,95.91,0x0000000000000000,Not Active,Not Active,Not Active,1,1,5,16,[N/A],[N/A],[N/A]
1784587168.8187,2385,2080,96,0,77,95.91,0x0000000000000000,Not Active,Not Active,Not Active,1,1,5,16,[N/A],[N/A],[N/A]
1784587168.9192,2385,2080,96,0,77,95.91,0x0000000000000000,Not Active,Not Active,Not Active,1,1,5,16,[N/A],[N/A],[N/A]
1784587169.0194,2385,2080,96,0,77,95.91,0x0000000000000000,Not Active,Not Active,Not Active,1,1,5,16,[N/A],[N/A],[N/A]
1784587169.1197,2385,2080,96,0,77,95.91,0x0000000000000000,Not Active,Not Active,Not Active,1,1,5,16,[N/A],[N/A],[N/A]
1784587169.2206,2385,2086,96,0,81,95.83,0x0000000000000000,Not Active,Not Active,Not Active,1,1,5,16,[N/A],[N/A],[N/A]
1784587169.3205,2385,2086,96,0,81,95.83,0x0000000000000000,Not Active,Not Active,Not Active,1,1,5,16,[N/A],[N/A],[N/A]
1784587169.4207,2385,2086,96,0,81,95.83,0x0000000000000000,Not Active,Not Active,Not Active,1,1,5,16,[N/A],[N/A],[N/A]
1784587169.5212,2385,2086,96,0,81,95.83,0x0000000000000000,Not Active,Not Active,Not Active,1,1,5,16,[N/A],[N/A],[N/A]
1784587169.6219,2385,2086,96,0,81,95.83,0x0000000000000000,Not Active,Not Active,Not Active,1,1,5,16,[N/A],[N/A],[N/A]
1784587169.7224,2379,2080,96,0,78,95.96,0x0000000000000000,Not Active,Not Active,Not Active,1,1,5,16,[N/A],[N/A],[N/A]
1784587169.8228,2379,2080,96,0,78,95.96,0x0000000000000000,Not Active,Not Active,Not Active,1,1,5,16,[N/A],[N/A],[N/A]
1784587169.9233,2379,2080,96,0,78,95.96,0x0000000000000000,Not Active,Not Active,Not Active,1,1,5,16,[N/A],[N/A],[N/A]
1784587170.0236,2379,2080,96,0,78,95.96,0x0000000000000000,Not Active,Not Active,Not Active,1,1,5,16,[N/A],[N/A],[N/A]
1784587170.1239,2379,2080,96,0,78,95.96,0x0000000000000000,Not Active,Not Active,Not Active,1,1,5,16,[N/A],[N/A],[N/A]
1784587170.2244,2385,2086,96,0,81,95.93,0x0000000000000000,Not Active,Not Active,Not Active,1,1,5,16,[N/A],[N/A],[N/A]
1784587170.3247,2385,2086,96,0,81,95.93,0x0000000000000000,Not Active,Not Active,Not Active,1,1,5,16,[N/A],[N/A],[N/A]
1784587170.4249,2385,2086,96,0,81,95.93,0x0000000000000000,Not Active,Not Active,Not Active,1,1,5,16,[N/A],[N/A],[N/A]
1784587170.5255,2385,2086,96,0,81,95.93,0x0000000000000000,Not Active,Not Active,Not Active,1,1,5,16,[N/A],[N/A],[N/A]
1784587170.6257,2385,2086,96,0,81,95.93,0x0000000000000000,Not Active,Not Active,Not Active,1,1,5,16,[N/A],[N/A],[N/A]
1784587170.726,2385,2080,96,0,79,96.15,0x0000000000000004,Active,Not Active,Not Active,1,1,5,16,[N/A],[N/A],[N/A]
1784587170.8268,2385,2080,96,0,79,96.15,0x0000000000000004,Active,Not Active,Not Active,1,1,5,16,[N/A],[N/A],[N/A]
1784587170.9274,2385,2080,96,0,79,96.15,0x0000000000000004,Active,Not Active,Not Active,1,1,5,16,[N/A],[N/A],[N/A]
1784587171.0278,2385,2080,96,0,79,96.15,0x0000000000000004,Active,Not Active,Not Active,1,1,5,16,[N/A],[N/A],[N/A]
1784587171.1284,2385,2080,96,0,79,96.15,0x0000000000000004,Active,Not Active,Not Active,1,1,5,16,[N/A],[N/A],[N/A]
1784587171.2375,2385,2086,96,0,81,95.89,0x0000000000000004,Active,Not Active,Not Active,1,1,5,16,[N/A],[N/A],[N/A]
1784587171.3377,2385,2086,96,0,81,95.89,0x0000000000000004,Active,Not Active,Not Active,1,1,5,16,[N/A],[N/A],[N/A]
1784587171.438,2385,2086,96,0,81,95.89,0x0000000000000004,Active,Not Active,Not Active,1,1,5,16,[N/A],[N/A],[N/A]
1784587171.5386,2385,2086,96,0,81,95.89,0x0000000000000004,Active,Not Active,Not Active,1,1,5,16,[N/A],[N/A],[N/A]
1784587171.6388,2385,2086,96,0,81,95.89,0x0000000000000004,Active,Not Active,Not Active,1,1,5,16,[N/A],[N/A],[N/A]
1784587171.7394,2424,2119,96,0,82,87.30,0x0000000000000000,Not Active,Not Active,Not Active,1,1,5,16,[N/A],[N/A],[N/A]
1784587171.8396,2424,2119,96,0,82,87.30,0x0000000000000000,Not Active,Not Active,Not Active,1,1,5,16,[N/A],[N/A],[N/A]
1784587171.9401,2424,2119,96,0,82,87.30,0x0000000000000000,Not Active,Not Active,Not Active,1,1,5,16,[N/A],[N/A],[N/A]
1784587172.0404,2424,2119,96,0,82,87.30,0x0000000000000000,Not Active,Not Active,Not Active,1,1,5,16,[N/A],[N/A],[N/A]
1784587172.141,2424,2119,96,0,82,87.30,0x0000000000000000,Not Active,Not Active,Not Active,1,1,5,16,[N/A],[N/A],[N/A]
1784587172.2415,2385,2086,96,0,79,87.01,0x0000000000000000,Not Active,Not Active,Not Active,1,1,5,16,[N/A],[N/A],[N/A]
1784587172.342,2385,2086,96,0,79,87.01,0x0000000000000000,Not Active,Not Active,Not Active,1,1,5,16,[N/A],[N/A],[N/A]
1784587172.4423,2385,2086,96,0,79,87.01,0x0000000000000000,Not Active,Not Active,Not Active,1,1,5,16,[N/A],[N/A],[N/A]
1784587172.5427,2385,2086,96,0,79,87.01,0x0000000000000000,Not Active,Not Active,Not Active,1,1,5,16,[N/A],[N/A],[N/A]
1784587172.6433,2385,2086,96,0,79,87.01,0x0000000000000000,Not Active,Not Active,Not Active,1,1,5,16,[N/A],[N/A],[N/A]
1784587172.744,2385,2086,96,0,81,97.45,0x0000000000000000,Not Active,Not Active,Not Active,1,1,5,16,[N/A],[N/A],[N/A]
1784587172.8443,2385,2086,96,0,81,97.45,0x0000000000000000,Not Active,Not Active,Not Active,1,1,5,16,[N/A],[N/A],[N/A]
1784587172.9447,2385,2086,96,0,81,97.45,0x0000000000000000,Not Active,Not Active,Not Active,1,1,5,16,[N/A],[N/A],[N/A]
1784587173.046,2385,2086,96,0,81,97.45,0x0000000000000000,Not Active,Not Active,Not Active,1,1,5,16,[N/A],[N/A],[N/A]
1784587173.1465,2385,2086,96,0,81,97.45,0x0000000000000000,Not Active,Not Active,Not Active,1,1,5,16,[N/A],[N/A],[N/A]
1784587173.247,2392,2086,96,0,79,97.18,0x0000000000000000,Not Active,Not Active,Not Active,1,1,5,16,[N/A],[N/A],[N/A]
1784587173.3476,2392,2086,96,0,79,97.18,0x0000000000000000,Not Active,Not Active,Not Active,1,1,5,16,[N/A],[N/A],[N/A]
1784587173.4482,2392,2086,96,0,79,97.18,0x0000000000000000,Not Active,Not Active,Not Active,1,1,5,16,[N/A],[N/A],[N/A]
1784587173.5487,2392,2086,96,0,79,97.18,0x0000000000000000,Not Active,Not Active,Not Active,1,1,5,16,[N/A],[N/A],[N/A]
1784587173.6489,2392,2086,96,0,79,97.18,0x0000000000000000,Not Active,Not Active,Not Active,1,1,5,16,[N/A],[N/A],[N/A]
1784587173.7494,2385,2086,96,0,81,97.56,0x0000000000000000,Not Active,Not Active,Not Active,1,1,5,16,[N/A],[N/A],[N/A]
1784587173.8498,2385,2086,96,0,81,97.56,0x0000000000000000,Not Active,Not Active,Not Active,1,1,5,16,[N/A],[N/A],[N/A]
1784587173.9503,2385,2086,96,0,81,97.56,0x0000000000000000,Not Active,Not Active,Not Active,1,1,5,16,[N/A],[N/A],[N/A]
1784587174.0506,2385,2086,96,0,81,97.56,0x0000000000000000,Not Active,Not Active,Not Active,1,1,5,16,[N/A],[N/A],[N/A]
1784587174.1508,2385,2086,96,0,81,97.56,0x0000000000000000,Not Active,Not Active,Not Active,1,1,5,16,[N/A],[N/A],[N/A]
1784587174.2513,2385,2093,96,0,79,97.55,0x0000000000000000,Not Active,Not Active,Not Active,1,1,5,16,[N/A],[N/A],[N/A]
1784587174.3516,2385,2093,96,0,79,97.55,0x0000000000000000,Not Active,Not Active,Not Active,1,1,5,16,[N/A],[N/A],[N/A]
1784587174.4521,2385,2093,96,0,79,97.55,0x0000000000000000,Not Active,Not Active,Not Active,1,1,5,16,[N/A],[N/A],[N/A]
1784587174.5526,2385,2093,96,0,79,97.55,0x0000000000000000,Not Active,Not Active,Not Active,1,1,5,16,[N/A],[N/A],[N/A]
1784587174.6529,2385,2093,96,0,79,97.55,0x0000000000000000,Not Active,Not Active,Not Active,1,1,5,16,[N/A],[N/A],[N/A]
1784587174.7534,2392,2086,96,0,80,97.57,0x0000000000000004,Active,Not Active,Not Active,1,1,5,16,[N/A],[N/A],[N/A]
1784587174.8539,2392,2086,96,0,80,97.57,0x0000000000000004,Active,Not Active,Not Active,1,1,5,16,[N/A],[N/A],[N/A]
1784587174.9544,2392,2086,96,0,80,97.57,0x0000000000000004,Active,Not Active,Not Active,1,1,5,16,[N/A],[N/A],[N/A]
1784587175.0547,2392,2086,96,0,80,97.57,0x0000000000000004,Active,Not Active,Not Active,1,1,5,16,[N/A],[N/A],[N/A]
1784587175.1553,2392,2086,96,0,80,97.57,0x0000000000000004,Active,Not Active,Not Active,1,1,5,16,[N/A],[N/A],[N/A]
1784587175.2556,2392,2086,96,0,79,97.34,0x0000000000000000,Not Active,Not Active,Not Active,1,1,5,16,[N/A],[N/A],[N/A]
1784587175.3558,2392,2086,96,0,79,97.34,0x0000000000000000,Not Active,Not Active,Not Active,1,1,5,16,[N/A],[N/A],[N/A]
1784587175.4563,2392,2086,96,0,79,97.34,0x0000000000000000,Not Active,Not Active,Not Active,1,1,5,16,[N/A],[N/A],[N/A]
1784587175.5567,2392,2086,96,0,79,97.34,0x0000000000000000,Not Active,Not Active,Not Active,1,1,5,16,[N/A],[N/A],[N/A]
1784587175.657,2392,2086,96,0,79,97.34,0x0000000000000000,Not Active,Not Active,Not Active,1,1,5,16,[N/A],[N/A],[N/A]
1784587175.7572,2385,2086,96,0,80,97.53,0x0000000000000000,Not Active,Not Active,Not Active,1,1,5,16,[N/A],[N/A],[N/A]
1784587175.8579,2385,2086,96,0,80,97.53,0x0000000000000000,Not Active,Not Active,Not Active,1,1,5,16,[N/A],[N/A],[N/A]
1784587175.9585,2385,2086,96,0,80,97.53,0x0000000000000000,Not Active,Not Active,Not Active,1,1,5,16,[N/A],[N/A],[N/A]
1784587176.0587,2385,2086,96,0,80,97.53,0x0000000000000000,Not Active,Not Active,Not Active,1,1,5,16,[N/A],[N/A],[N/A]
1784587176.1592,2385,2086,96,0,80,97.53,0x0000000000000000,Not Active,Not Active,Not Active,1,1,5,16,[N/A],[N/A],[N/A]
1784587176.2596,2392,2093,96,0,80,97.56,0x0000000000000000,Not Active,Not Active,Not Active,1,1,5,16,[N/A],[N/A],[N/A]
1784587176.3604,2392,2093,96,0,80,97.56,0x0000000000000000,Not Active,Not Active,Not Active,1,1,5,16,[N/A],[N/A],[N/A]
1784587176.461,2392,2093,96,0,80,97.56,0x0000000000000000,Not Active,Not Active,Not Active,1,1,5,16,[N/A],[N/A],[N/A]
1784587176.5615,2392,2093,96,0,80,97.56,0x0000000000000000,Not Active,Not Active,Not Active,1,1,5,16,[N/A],[N/A],[N/A]
1784587176.662,2392,2093,96,0,80,97.56,0x0000000000000000,Not Active,Not Active,Not Active,1,1,5,16,[N/A],[N/A],[N/A]
1784587176.7623,2385,2080,96,0,79,97.51,0x0000000000000000,Not Active,Not Active,Not Active,1,1,5,16,[N/A],[N/A],[N/A]
1784587176.8627,2385,2080,96,0,79,97.51,0x0000000000000000,Not Active,Not Active,Not Active,1,1,5,16,[N/A],[N/A],[N/A]
1784587176.9634,2385,2080,96,0,79,97.51,0x0000000000000000,Not Active,Not Active,Not Active,1,1,5,16,[N/A],[N/A],[N/A]
1784587177.0637,2385,2080,96,0,79,97.51,0x0000000000000000,Not Active,Not Active,Not Active,1,1,5,16,[N/A],[N/A],[N/A]
1784587177.1642,2385,2080,96,0,79,97.51,0x0000000000000000,Not Active,Not Active,Not Active,1,1,5,16,[N/A],[N/A],[N/A]
1784587177.2649,2385,2086,96,0,80,97.29,0x0000000000000000,Not Active,Not Active,Not Active,1,1,5,16,[N/A],[N/A],[N/A]
1784587177.3655,2385,2086,96,0,80,97.29,0x0000000000000000,Not Active,Not Active,Not Active,1,1,5,16,[N/A],[N/A],[N/A]
1784587177.4663,2385,2086,96,0,80,97.29,0x0000000000000000,Not Active,Not Active,Not Active,1,1,5,16,[N/A],[N/A],[N/A]
1784587177.5669,2385,2086,96,0,80,97.29,0x0000000000000000,Not Active,Not Active,Not Active,1,1,5,16,[N/A],[N/A],[N/A]
1784587177.6673,2385,2086,96,0,80,97.29,0x0000000000000000,Not Active,Not Active,Not Active,1,1,5,16,[N/A],[N/A],[N/A]
1784587177.7674,2392,2086,96,0,80,97.47,0x0000000000000004,Active,Not Active,Not Active,1,1,5,16,[N/A],[N/A],[N/A]
1784587177.8675,2392,2086,96,0,80,97.47,0x0000000000000004,Active,Not Active,Not Active,1,1,5,16,[N/A],[N/A],[N/A]
1784587177.968,2392,2086,96,0,80,97.47,0x0000000000000004,Active,Not Active,Not Active,1,1,5,16,[N/A],[N/A],[N/A]
1784587178.0683,2392,2086,96,0,80,97.47,0x0000000000000004,Active,Not Active,Not Active,1,1,5,16,[N/A],[N/A],[N/A]
1784587178.1685,2392,2086,96,0,80,97.47,0x0000000000000004,Active,Not Active,Not Active,1,1,5,16,[N/A],[N/A],[N/A]
1784587178.269,2392,2093,96,0,80,97.58,0x0000000000000000,Not Active,Not Active,Not Active,1,1,5,16,[N/A],[N/A],[N/A]
1784587178.3692,2392,2093,96,0,80,97.58,0x0000000000000000,Not Active,Not Active,Not Active,1,1,5,16,[N/A],[N/A],[N/A]
1784587178.4697,2392,2093,96,0,80,97.58,0x0000000000000000,Not Active,Not Active,Not Active,1,1,5,16,[N/A],[N/A],[N/A]
1784587178.57,2392,2093,96,0,80,97.58,0x0000000000000000,Not Active,Not Active,Not Active,1,1,5,16,[N/A],[N/A],[N/A]
1784587178.6705,2392,2093,96,0,80,97.58,0x0000000000000000,Not Active,Not Active,Not Active,1,1,5,16,[N/A],[N/A],[N/A]
1784587178.771,2385,2086,96,0,81,97.24,0x0000000000000004,Active,Not Active,Not Active,1,1,5,16,[N/A],[N/A],[N/A]
1784587178.8715,2385,2086,96,0,81,97.24,0x0000000000000004,Active,Not Active,Not Active,1,1,5,16,[N/A],[N/A],[N/A]
1784587178.9718,2385,2086,96,0,81,97.24,0x0000000000000004,Active,Not Active,Not Active,1,1,5,16,[N/A],[N/A],[N/A]
1784587179.0723,2385,2086,96,0,81,97.24,0x0000000000000004,Active,Not Active,Not Active,1,1,5,16,[N/A],[N/A],[N/A]
1784587179.1728,2385,2086,96,0,81,97.24,0x0000000000000004,Active,Not Active,Not Active,1,1,5,16,[N/A],[N/A],[N/A]
1784587179.2733,2385,2086,96,0,81,96.68,0x0000000000000000,Not Active,Not Active,Not Active,1,1,5,16,[N/A],[N/A],[N/A]
1784587179.3739,2385,2086,96,0,81,96.68,0x0000000000000000,Not Active,Not Active,Not Active,1,1,5,16,[N/A],[N/A],[N/A]
1784587179.4741,2385,2086,96,0,81,96.68,0x0000000000000000,Not Active,Not Active,Not Active,1,1,5,16,[N/A],[N/A],[N/A]
1784587179.5746,2385,2086,96,0,81,96.68,0x0000000000000000,Not Active,Not Active,Not Active,1,1,5,16,[N/A],[N/A],[N/A]
1784587179.675,2385,2086,96,0,81,96.68,0x0000000000000000,Not Active,Not Active,Not Active,1,1,5,16,[N/A],[N/A],[N/A]
1784587179.7755,2385,2086,96,0,81,96.39,0x0000000000000004,Active,Not Active,Not Active,1,1,5,16,[N/A],[N/A],[N/A]
1784587179.8757,2385,2086,96,0,81,96.39,0x0000000000000004,Active,Not Active,Not Active,1,1,5,16,[N/A],[N/A],[N/A]
1784587179.976,2385,2086,96,0,81,96.39,0x0000000000000004,Active,Not Active,Not Active,1,1,5,16,[N/A],[N/A],[N/A]
1784587180.0765,2385,2086,96,0,81,96.39,0x0000000000000004,Active,Not Active,Not Active,1,1,5,16,[N/A],[N/A],[N/A]
1784587180.1767,2385,2086,96,0,81,96.39,0x0000000000000004,Active,Not Active,Not Active,1,1,5,16,[N/A],[N/A],[N/A]
1784587180.2772,2385,2086,96,0,81,96.44,0x0000000000000000,Not Active,Not Active,Not Active,1,1,5,16,[N/A],[N/A],[N/A]
1784587180.3777,2385,2086,96,0,81,96.44,0x0000000000000000,Not Active,Not Active,Not Active,1,1,5,16,[N/A],[N/A],[N/A]
1784587180.4781,2385,2086,96,0,81,96.44,0x0000000000000000,Not Active,Not Active,Not Active,1,1,5,16,[N/A],[N/A],[N/A]
1784587180.5786,2385,2086,96,0,81,96.44,0x0000000000000000,Not Active,Not Active,Not Active,1,1,5,16,[N/A],[N/A],[N/A]
1784587180.6789,2385,2086,96,0,81,96.44,0x0000000000000000,Not Active,Not Active,Not Active,1,1,5,16,[N/A],[N/A],[N/A]
1784587180.7794,2392,2093,96,0,81,96.43,0x0000000000000004,Active,Not Active,Not Active,1,1,5,16,[N/A],[N/A],[N/A]
1784587180.8797,2392,2093,96,0,81,96.43,0x0000000000000004,Active,Not Active,Not Active,1,1,5,16,[N/A],[N/A],[N/A]
1784587180.9802,2392,2093,96,0,81,96.43,0x0000000000000004,Active,Not Active,Not Active,1,1,5,16,[N/A],[N/A],[N/A]
1784587181.0802,2392,2093,96,0,81,96.43,0x0000000000000004,Active,Not Active,Not Active,1,1,5,16,[N/A],[N/A],[N/A]
1784587181.1807,2392,2093,96,0,81,96.43,0x0000000000000004,Active,Not Active,Not Active,1,1,5,16,[N/A],[N/A],[N/A]
1784587181.2809,2424,2125,89,0,82,89.34,0x0000000000000000,Not Active,Not Active,Not Active,1,1,5,16,[N/A],[N/A],[N/A]
1784587181.3812,2424,2125,89,0,82,89.34,0x0000000000000000,Not Active,Not Active,Not Active,1,1,5,16,[N/A],[N/A],[N/A]
1784587181.4815,2424,2125,89,0,82,89.34,0x0000000000000000,Not Active,Not Active,Not Active,1,1,5,16,[N/A],[N/A],[N/A]
1784587181.5815,2424,2125,89,0,82,89.34,0x0000000000000000,Not Active,Not Active,Not Active,1,1,5,16,[N/A],[N/A],[N/A]
1784587181.6818,2424,2125,89,0,82,89.34,0x0000000000000000,Not Active,Not Active,Not Active,1,1,5,16,[N/A],[N/A],[N/A]
1784587181.7824,2392,2086,96,0,76,88.70,0x0000000000000000,Not Active,Not Active,Not Active,1,1,5,16,[N/A],[N/A],[N/A]
1784587181.8828,2392,2086,96,0,76,88.70,0x0000000000000000,Not Active,Not Active,Not Active,1,1,5,16,[N/A],[N/A],[N/A]
1784587181.983,2392,2086,96,0,76,88.70,0x0000000000000000,Not Active,Not Active,Not Active,1,1,5,16,[N/A],[N/A],[N/A]
1784587182.083,2392,2086,96,0,76,88.70,0x0000000000000000,Not Active,Not Active,Not Active,1,1,5,16,[N/A],[N/A],[N/A]
1784587182.1835,2392,2086,96,0,76,88.70,0x0000000000000000,Not Active,Not Active,Not Active,1,1,5,16,[N/A],[N/A],[N/A]
1784587182.2838,2385,2093,96,0,81,97.35,0x0000000000000000,Not Active,Not Active,Not Active,1,1,5,16,[N/A],[N/A],[N/A]
1784587182.3841,2385,2093,96,0,81,97.35,0x0000000000000000,Not Active,Not Active,Not Active,1,1,5,16,[N/A],[N/A],[N/A]
1784587182.4841,2385,2093,96,0,81,97.35,0x0000000000000000,Not Active,Not Active,Not Active,1,1,5,16,[N/A],[N/A],[N/A]
1784587182.5846,2385,2093,96,0,81,97.35,0x0000000000000000,Not Active,Not Active,Not Active,1,1,5,16,[N/A],[N/A],[N/A]
1784587182.685,2385,2093,96,0,81,97.35,0x0000000000000000,Not Active,Not Active,Not Active,1,1,5,16,[N/A],[N/A],[N/A]
1784587182.7851,2385,2086,96,0,77,97.84,0x0000000000000000,Not Active,Not Active,Not Active,1,1,5,16,[N/A],[N/A],[N/A]
1784587182.8853,2385,2086,96,0,77,97.84,0x0000000000000000,Not Active,Not Active,Not Active,1,1,5,16,[N/A],[N/A],[N/A]
1784587182.9865,2385,2086,96,0,77,97.84,0x0000000000000000,Not Active,Not Active,Not Active,1,1,5,16,[N/A],[N/A],[N/A]
1784587183.0868,2385,2086,96,0,77,97.84,0x0000000000000000,Not Active,Not Active,Not Active,1,1,5,16,[N/A],[N/A],[N/A]
1784587183.1868,2385,2086,96,0,77,97.84,0x0000000000000000,Not Active,Not Active,Not Active,1,1,5,16,[N/A],[N/A],[N/A]
1784587183.287,2385,2093,96,0,81,97.54,0x0000000000000000,Not Active,Not Active,Not Active,1,1,5,16,[N/A],[N/A],[N/A]
1784587183.3877,2385,2093,96,0,81,97.54,0x0000000000000000,Not Active,Not Active,Not Active,1,1,5,16,[N/A],[N/A],[N/A]
1784587183.4884,2385,2093,96,0,81,97.54,0x0000000000000000,Not Active,Not Active,Not Active,1,1,5,16,[N/A],[N/A],[N/A]
1784587183.5884,2385,2093,96,0,81,97.54,0x0000000000000000,Not Active,Not Active,Not Active,1,1,5,16,[N/A],[N/A],[N/A]
1784587183.6892,2385,2093,96,0,81,97.54,0x0000000000000000,Not Active,Not Active,Not Active,1,1,5,16,[N/A],[N/A],[N/A]
1784587183.7897,2392,2086,96,0,78,97.80,0x0000000000000000,Not Active,Not Active,Not Active,1,1,5,16,[N/A],[N/A],[N/A]
1784587183.8899,2392,2086,96,0,78,97.80,0x0000000000000000,Not Active,Not Active,Not Active,1,1,5,16,[N/A],[N/A],[N/A]
1784587183.9906,2392,2086,96,0,78,97.80,0x0000000000000000,Not Active,Not Active,Not Active,1,1,5,16,[N/A],[N/A],[N/A]
1784587184.0909,2392,2086,96,0,78,97.80,0x0000000000000000,Not Active,Not Active,Not Active,1,1,5,16,[N/A],[N/A],[N/A]
1784587184.1911,2392,2086,96,0,78,97.80,0x0000000000000000,Not Active,Not Active,Not Active,1,1,5,16,[N/A],[N/A],[N/A]
1784587184.2911,2392,2093,96,0,81,97.53,0x0000000000000000,Not Active,Not Active,Not Active,1,1,5,16,[N/A],[N/A],[N/A]
1784587184.3916,2392,2093,96,0,81,97.53,0x0000000000000000,Not Active,Not Active,Not Active,1,1,5,16,[N/A],[N/A],[N/A]
1784587184.4919,2392,2093,96,0,81,97.53,0x0000000000000000,Not Active,Not Active,Not Active,1,1,5,16,[N/A],[N/A],[N/A]
1784587184.5921,2392,2093,96,0,81,97.53,0x0000000000000000,Not Active,Not Active,Not Active,1,1,5,16,[N/A],[N/A],[N/A]
1784587184.6923,2392,2093,96,0,81,97.53,0x0000000000000000,Not Active,Not Active,Not Active,1,1,5,16,[N/A],[N/A],[N/A]
1784587184.7925,2392,2093,96,0,81,97.76,0x0000000000000004,Active,Not Active,Not Active,1,1,5,16,[N/A],[N/A],[N/A]
1784587184.893,2392,2093,96,0,81,97.76,0x0000000000000004,Active,Not Active,Not Active,1,1,5,16,[N/A],[N/A],[N/A]
1784587184.9933,2392,2093,96,0,81,97.76,0x0000000000000004,Active,Not Active,Not Active,1,1,5,16,[N/A],[N/A],[N/A]
1784587185.0936,2392,2093,96,0,81,97.76,0x0000000000000004,Active,Not Active,Not Active,1,1,5,16,[N/A],[N/A],[N/A]
1784587185.1937,2392,2093,96,0,81,97.76,0x0000000000000004,Active,Not Active,Not Active,1,1,5,16,[N/A],[N/A],[N/A]
1784587185.2943,2392,2093,96,0,81,97.41,0x0000000000000000,Not Active,Not Active,Not Active,1,1,5,16,[N/A],[N/A],[N/A]
1784587185.3942,2392,2093,96,0,81,97.41,0x0000000000000000,Not Active,Not Active,Not Active,1,1,5,16,[N/A],[N/A],[N/A]
1784587185.4943,2392,2093,96,0,81,97.41,0x0000000000000000,Not Active,Not Active,Not Active,1,1,5,16,[N/A],[N/A],[N/A]
1784587185.5949,2392,2093,96,0,81,97.41,0x0000000000000000,Not Active,Not Active,Not Active,1,1,5,16,[N/A],[N/A],[N/A]
1784587185.6955,2392,2093,96,0,81,97.41,0x0000000000000000,Not Active,Not Active,Not Active,1,1,5,16,[N/A],[N/A],[N/A]
1784587185.7961,2385,2086,96,0,82,97.59,0x0000000000000004,Active,Not Active,Not Active,1,1,5,16,[N/A],[N/A],[N/A]
1784587185.896,2385,2086,96,0,82,97.59,0x0000000000000004,Active,Not Active,Not Active,1,1,5,16,[N/A],[N/A],[N/A]
1784587185.9966,2385,2086,96,0,82,97.59,0x0000000000000004,Active,Not Active,Not Active,1,1,5,16,[N/A],[N/A],[N/A]
1784587186.0971,2385,2086,96,0,82,97.59,0x0000000000000004,Active,Not Active,Not Active,1,1,5,16,[N/A],[N/A],[N/A]
1784587186.1975,2385,2086,96,0,82,97.59,0x0000000000000004,Active,Not Active,Not Active,1,1,5,16,[N/A],[N/A],[N/A]
1784587186.2981,2385,2086,96,0,77,97.46,0x0000000000000000,Not Active,Not Active,Not Active,1,1,5,16,[N/A],[N/A],[N/A]
1784587186.3982,2385,2086,96,0,77,97.46,0x0000000000000000,Not Active,Not Active,Not Active,1,1,5,16,[N/A],[N/A],[N/A]
1784587186.4987,2385,2086,96,0,77,97.46,0x0000000000000000,Not Active,Not Active,Not Active,1,1,5,16,[N/A],[N/A],[N/A]
1784587186.5992,2385,2086,96,0,77,97.46,0x0000000000000000,Not Active,Not Active,Not Active,1,1,5,16,[N/A],[N/A],[N/A]
1784587186.6995,2385,2086,96,0,77,97.46,0x0000000000000000,Not Active,Not Active,Not Active,1,1,5,16,[N/A],[N/A],[N/A]
1784587186.7995,2392,2086,96,0,82,97.60,0x0000000000000004,Active,Not Active,Not Active,1,1,5,16,[N/A],[N/A],[N/A]
1784587186.9,2392,2086,96,0,82,97.60,0x0000000000000004,Active,Not Active,Not Active,1,1,5,16,[N/A],[N/A],[N/A]
1784587187.0002,2392,2086,96,0,82,97.60,0x0000000000000004,Active,Not Active,Not Active,1,1,5,16,[N/A],[N/A],[N/A]
1784587187.1003,2392,2086,96,0,82,97.60,0x0000000000000004,Active,Not Active,Not Active,1,1,5,16,[N/A],[N/A],[N/A]
1784587187.201,2392,2086,96,0,82,97.60,0x0000000000000004,Active,Not Active,Not Active,1,1,5,16,[N/A],[N/A],[N/A]
1784587187.3012,2398,2086,96,0,77,97.32,0x0000000000000000,Not Active,Not Active,Not Active,1,1,5,16,[N/A],[N/A],[N/A]
1784587187.4017,2398,2086,96,0,77,97.32,0x0000000000000000,Not Active,Not Active,Not Active,1,1,5,16,[N/A],[N/A],[N/A]
1784587187.5015,2398,2086,96,0,77,97.32,0x0000000000000000,Not Active,Not Active,Not Active,1,1,5,16,[N/A],[N/A],[N/A]
1784587187.6018,2398,2086,96,0,77,97.32,0x0000000000000000,Not Active,Not Active,Not Active,1,1,5,16,[N/A],[N/A],[N/A]
1784587187.7024,2398,2086,96,0,77,97.32,0x0000000000000000,Not Active,Not Active,Not Active,1,1,5,16,[N/A],[N/A],[N/A]
1784587187.8027,2385,2086,96,0,81,96.95,0x0000000000000004,Active,Not Active,Not Active,1,1,5,16,[N/A],[N/A],[N/A]
1784587187.903,2385,2086,96,0,81,96.95,0x0000000000000004,Active,Not Active,Not Active,1,1,5,16,[N/A],[N/A],[N/A]
1784587188.0032,2385,2086,96,0,81,96.95,0x0000000000000004,Active,Not Active,Not Active,1,1,5,16,[N/A],[N/A],[N/A]
1784587188.1035,2385,2086,96,0,81,96.95,0x0000000000000004,Active,Not Active,Not Active,1,1,5,16,[N/A],[N/A],[N/A]
1784587188.2036,2385,2086,96,0,81,96.95,0x0000000000000004,Active,Not Active,Not Active,1,1,5,16,[N/A],[N/A],[N/A]
1784587188.3042,2392,2086,96,0,77,96.44,0x0000000000000000,Not Active,Not Active,Not Active,1,1,5,16,[N/A],[N/A],[N/A]
1784587188.4044,2392,2086,96,0,77,96.44,0x0000000000000000,Not Active,Not Active,Not Active,1,1,5,16,[N/A],[N/A],[N/A]
1784587188.5047,2392,2086,96,0,77,96.44,0x0000000000000000,Not Active,Not Active,Not Active,1,1,5,16,[N/A],[N/A],[N/A]
1784587188.606,2392,2086,96,0,77,96.44,0x0000000000000000,Not Active,Not Active,Not Active,1,1,5,16,[N/A],[N/A],[N/A]
1784587188.7063,2379,2080,96,0,81,96.50,0x0000000000000004,Active,Not Active,Not Active,1,1,5,16,[N/A],[N/A],[N/A]
1784587188.8067,2379,2080,96,0,81,96.50,0x0000000000000004,Active,Not Active,Not Active,1,1,5,16,[N/A],[N/A],[N/A]
1784587188.9068,2379,2080,96,0,81,96.50,0x0000000000000004,Active,Not Active,Not Active,1,1,5,16,[N/A],[N/A],[N/A]
1784587189.0072,2379,2080,96,0,81,96.50,0x0000000000000004,Active,Not Active,Not Active,1,1,5,16,[N/A],[N/A],[N/A]
1784587189.1074,2379,2080,96,0,81,96.50,0x0000000000000004,Active,Not Active,Not Active,1,1,5,16,[N/A],[N/A],[N/A]
1784587189.2084,2385,2080,96,0,78,96.46,0x0000000000000000,Not Active,Not Active,Not Active,1,1,5,16,[N/A],[N/A],[N/A]
1784587189.3085,2385,2080,96,0,78,96.46,0x0000000000000000,Not Active,Not Active,Not Active,1,1,5,16,[N/A],[N/A],[N/A]
1784587189.409,2385,2080,96,0,78,96.46,0x0000000000000000,Not Active,Not Active,Not Active,1,1,5,16,[N/A],[N/A],[N/A]
1784587189.5092,2385,2080,96,0,78,96.46,0x0000000000000000,Not Active,Not Active,Not Active,1,1,5,16,[N/A],[N/A],[N/A]
1784587189.6093,2385,2080,96,0,78,96.46,0x0000000000000000,Not Active,Not Active,Not Active,1,1,5,16,[N/A],[N/A],[N/A]
1784587189.71,2385,2080,96,0,81,96.52,0x0000000000000004,Active,Not Active,Not Active,1,1,5,16,[N/A],[N/A],[N/A]
1784587189.8102,2385,2080,96,0,81,96.52,0x0000000000000004,Active,Not Active,Not Active,1,1,5,16,[N/A],[N/A],[N/A]
1784587189.9105,2385,2080,96,0,81,96.52,0x0000000000000004,Active,Not Active,Not Active,1,1,5,16,[N/A],[N/A],[N/A]
1784587190.0109,2385,2080,96,0,81,96.52,0x0000000000000004,Active,Not Active,Not Active,1,1,5,16,[N/A],[N/A],[N/A]
1784587190.1109,2385,2080,96,0,81,96.52,0x0000000000000004,Active,Not Active,Not Active,1,1,5,16,[N/A],[N/A],[N/A]
1784587190.2113,2385,2086,96,0,78,96.69,0x0000000000000000,Not Active,Not Active,Not Active,1,1,5,16,[N/A],[N/A],[N/A]
1784587190.3115,2385,2086,96,0,78,96.69,0x0000000000000000,Not Active,Not Active,Not Active,1,1,5,16,[N/A],[N/A],[N/A]
1784587190.4123,2385,2086,96,0,78,96.69,0x0000000000000000,Not Active,Not Active,Not Active,1,1,5,16,[N/A],[N/A],[N/A]
1784587190.5123,2385,2086,96,0,78,96.69,0x0000000000000000,Not Active,Not Active,Not Active,1,1,5,16,[N/A],[N/A],[N/A]
1784587190.6128,2385,2086,96,0,78,96.69,0x0000000000000000,Not Active,Not Active,Not Active,1,1,5,16,[N/A],[N/A],[N/A]
1784587190.7131,2405,2099,60,0,69,88.35,0x0000000000000000,Not Active,Not Active,Not Active,1,1,5,16,[N/A],[N/A],[N/A]
1784587190.8134,2405,2099,60,0,69,88.35,0x0000000000000000,Not Active,Not Active,Not Active,1,1,5,16,[N/A],[N/A],[N/A]
1784587190.9136,2405,2099,60,0,69,88.35,0x0000000000000000,Not Active,Not Active,Not Active,1,1,5,16,[N/A],[N/A],[N/A]
1784587191.0139,2405,2099,60,0,69,88.35,0x0000000000000000,Not Active,Not Active,Not Active,1,1,5,16,[N/A],[N/A],[N/A]
1784587191.1141,2405,2099,60,0,69,88.35,0x0000000000000000,Not Active,Not Active,Not Active,1,1,5,16,[N/A],[N/A],[N/A]
1784587191.2144,2392,2086,96,0,81,90.24,0x0000000000000004,Active,Not Active,Not Active,1,1,5,16,[N/A],[N/A],[N/A]
1784587191.3148,2392,2086,96,0,81,90.24,0x0000000000000004,Active,Not Active,Not Active,1,1,5,16,[N/A],[N/A],[N/A]
1784587191.4151,2392,2086,96,0,81,90.24,0x0000000000000004,Active,Not Active,Not Active,1,1,5,16,[N/A],[N/A],[N/A]
1784587191.5154,2392,2086,96,0,81,90.24,0x0000000000000004,Active,Not Active,Not Active,1,1,5,16,[N/A],[N/A],[N/A]
1784587191.6155,2392,2086,96,0,81,90.24,0x0000000000000004,Active,Not Active,Not Active,1,1,5,16,[N/A],[N/A],[N/A]
1784587191.7156,2392,2086,96,0,81,98.75,0x0000000000000000,Not Active,Not Active,Not Active,1,1,5,16,[N/A],[N/A],[N/A]
1784587191.8161,2392,2086,96,0,81,98.75,0x0000000000000000,Not Active,Not Active,Not Active,1,1,5,16,[N/A],[N/A],[N/A]
1784587191.9164,2392,2086,96,0,81,98.75,0x0000000000000000,Not Active,Not Active,Not Active,1,1,5,16,[N/A],[N/A],[N/A]
1784587192.0165,2392,2086,96,0,81,98.75,0x0000000000000000,Not Active,Not Active,Not Active,1,1,5,16,[N/A],[N/A],[N/A]
1784587192.117,2392,2086,96,0,81,98.75,0x0000000000000000,Not Active,Not Active,Not Active,1,1,5,16,[N/A],[N/A],[N/A]
1784587192.2172,2385,2086,96,0,81,97.51,0x0000000000000000,Not Active,Not Active,Not Active,1,1,5,16,[N/A],[N/A],[N/A]
1784587192.3175,2385,2086,96,0,81,97.51,0x0000000000000000,Not Active,Not Active,Not Active,1,1,5,16,[N/A],[N/A],[N/A]
1784587192.4177,2385,2086,96,0,81,97.51,0x0000000000000000,Not Active,Not Active,Not Active,1,1,5,16,[N/A],[N/A],[N/A]
1784587192.5182,2385,2086,96,0,81,97.51,0x0000000000000000,Not Active,Not Active,Not Active,1,1,5,16,[N/A],[N/A],[N/A]
1784587192.6185,2385,2086,96,0,81,97.51,0x0000000000000000,Not Active,Not Active,Not Active,1,1,5,16,[N/A],[N/A],[N/A]
1784587192.7188,2385,2086,96,0,81,97.60,0x0000000000000000,Not Active,Not Active,Not Active,1,1,5,16,[N/A],[N/A],[N/A]
1784587192.8191,2385,2086,96,0,81,97.60,0x0000000000000000,Not Active,Not Active,Not Active,1,1,5,16,[N/A],[N/A],[N/A]
1784587192.919,2385,2086,96,0,81,97.60,0x0000000000000000,Not Active,Not Active,Not Active,1,1,5,16,[N/A],[N/A],[N/A]
1784587193.0196,2385,2086,96,0,81,97.60,0x0000000000000000,Not Active,Not Active,Not Active,1,1,5,16,[N/A],[N/A],[N/A]
1784587193.1198,2385,2086,96,0,81,97.60,0x0000000000000000,Not Active,Not Active,Not Active,1,1,5,16,[N/A],[N/A],[N/A]
1784587193.2201,2385,2086,96,0,79,97.40,0x0000000000000000,Not Active,Not Active,Not Active,1,1,5,16,[N/A],[N/A],[N/A]
1784587193.3201,2385,2086,96,0,79,97.40,0x0000000000000000,Not Active,Not Active,Not Active,1,1,5,16,[N/A],[N/A],[N/A]
1784587193.4207,2385,2086,96,0,79,97.40,0x0000000000000000,Not Active,Not Active,Not Active,1,1,5,16,[N/A],[N/A],[N/A]
1784587193.5212,2385,2086,96,0,79,97.40,0x0000000000000000,Not Active,Not Active,Not Active,1,1,5,16,[N/A],[N/A],[N/A]
1784587193.6214,2385,2086,96,0,79,97.40,0x0000000000000000,Not Active,Not Active,Not Active,1,1,5,16,[N/A],[N/A],[N/A]
1784587193.7221,2392,2086,96,0,81,97.55,0x0000000000000004,Active,Not Active,Not Active,1,1,5,16,[N/A],[N/A],[N/A]
1784587193.8228,2392,2086,96,0,81,97.55,0x0000000000000004,Active,Not Active,Not Active,1,1,5,16,[N/A],[N/A],[N/A]
1784587193.9227,2392,2086,96,0,81,97.55,0x0000000000000004,Active,Not Active,Not Active,1,1,5,16,[N/A],[N/A],[N/A]
1784587194.0232,2392,2086,96,0,81,97.55,0x0000000000000004,Active,Not Active,Not Active,1,1,5,16,[N/A],[N/A],[N/A]
1784587194.1235,2392,2086,96,0,81,97.55,0x0000000000000004,Active,Not Active,Not Active,1,1,5,16,[N/A],[N/A],[N/A]
1784587194.2238,2392,2086,96,0,79,97.40,0x0000000000000000,Not Active,Not Active,Not Active,1,1,5,16,[N/A],[N/A],[N/A]
1784587194.324,2392,2086,96,0,79,97.40,0x0000000000000000,Not Active,Not Active,Not Active,1,1,5,16,[N/A],[N/A],[N/A]
1784587194.424,2392,2086,96,0,79,97.40,0x0000000000000000,Not Active,Not Active,Not Active,1,1,5,16,[N/A],[N/A],[N/A]
1784587194.5245,2392,2086,96,0,79,97.40,0x0000000000000000,Not Active,Not Active,Not Active,1,1,5,16,[N/A],[N/A],[N/A]
1784587194.6248,2392,2086,96,0,79,97.40,0x0000000000000000,Not Active,Not Active,Not Active,1,1,5,16,[N/A],[N/A],[N/A]
1784587194.725,2385,2086,96,0,81,97.68,0x0000000000000000,Not Active,Not Active,Not Active,1,1,5,16,[N/A],[N/A],[N/A]
1784587194.8254,2385,2086,96,0,81,97.68,0x0000000000000000,Not Active,Not Active,Not Active,1,1,5,16,[N/A],[N/A],[N/A]
1784587194.9253,2385,2086,96,0,81,97.68,0x0000000000000000,Not Active,Not Active,Not Active,1,1,5,16,[N/A],[N/A],[N/A]
1784587195.0255,2385,2086,96,0,81,97.68,0x0000000000000000,Not Active,Not Active,Not Active,1,1,5,16,[N/A],[N/A],[N/A]
1784587195.1263,2385,2086,96,0,81,97.68,0x0000000000000000,Not Active,Not Active,Not Active,1,1,5,16,[N/A],[N/A],[N/A]
1784587195.2263,2385,2086,96,0,79,97.32,0x0000000000000000,Not Active,Not Active,Not Active,1,1,5,16,[N/A],[N/A],[N/A]
1784587195.3269,2385,2086,96,0,79,97.32,0x0000000000000000,Not Active,Not Active,Not Active,1,1,5,16,[N/A],[N/A],[N/A]
1784587195.4271,2385,2086,96,0,79,97.32,0x0000000000000000,Not Active,Not Active,Not Active,1,1,5,16,[N/A],[N/A],[N/A]
1784587195.5272,2385,2086,96,0,79,97.32,0x0000000000000000,Not Active,Not Active,Not Active,1,1,5,16,[N/A],[N/A],[N/A]
1784587195.6279,2385,2086,96,0,79,97.32,0x0000000000000000,Not Active,Not Active,Not Active,1,1,5,16,[N/A],[N/A],[N/A]
1784587195.728,2385,2086,96,0,80,97.58,0x0000000000000004,Active,Not Active,Not Active,1,1,5,16,[N/A],[N/A],[N/A]
1784587195.8283,2385,2086,96,0,80,97.58,0x0000000000000004,Active,Not Active,Not Active,1,1,5,16,[N/A],[N/A],[N/A]
1784587195.9288,2385,2086,96,0,80,97.58,0x0000000000000004,Active,Not Active,Not Active,1,1,5,16,[N/A],[N/A],[N/A]
1784587196.0291,2385,2086,96,0,80,97.58,0x0000000000000004,Active,Not Active,Not Active,1,1,5,16,[N/A],[N/A],[N/A]
1784587196.1291,2385,2086,96,0,80,97.58,0x0000000000000004,Active,Not Active,Not Active,1,1,5,16,[N/A],[N/A],[N/A]
1784587196.2295,2385,2086,96,0,79,97.21,0x0000000000000000,Not Active,Not Active,Not Active,1,1,5,16,[N/A],[N/A],[N/A]
1784587196.3298,2385,2086,96,0,79,97.21,0x0000000000000000,Not Active,Not Active,Not Active,1,1,5,16,[N/A],[N/A],[N/A]
1784587196.4301,2385,2086,96,0,79,97.21,0x0000000000000000,Not Active,Not Active,Not Active,1,1,5,16,[N/A],[N/A],[N/A]
1784587196.5301,2385,2086,96,0,79,97.21,0x0000000000000000,Not Active,Not Active,Not Active,1,1,5,16,[N/A],[N/A],[N/A]
1784587196.6306,2385,2086,96,0,79,97.21,0x0000000000000000,Not Active,Not Active,Not Active,1,1,5,16,[N/A],[N/A],[N/A]
1784587196.7308,2385,2086,96,0,80,97.21,0x0000000000000000,Not Active,Not Active,Not Active,1,1,5,16,[N/A],[N/A],[N/A]
1784587196.831,2385,2086,96,0,80,97.21,0x0000000000000000,Not Active,Not Active,Not Active,1,1,5,16,[N/A],[N/A],[N/A]
1784587196.9311,2385,2086,96,0,80,97.21,0x0000000000000000,Not Active,Not Active,Not Active,1,1,5,16,[N/A],[N/A],[N/A]
1784587197.0313,2385,2086,96,0,80,97.21,0x0000000000000000,Not Active,Not Active,Not Active,1,1,5,16,[N/A],[N/A],[N/A]
1784587197.1318,2385,2086,96,0,80,97.21,0x0000000000000000,Not Active,Not Active,Not Active,1,1,5,16,[N/A],[N/A],[N/A]
1784587197.2318,2385,2086,96,0,79,96.77,0x0000000000000000,Not Active,Not Active,Not Active,1,1,5,16,[N/A],[N/A],[N/A]
1784587197.3324,2385,2086,96,0,79,96.77,0x0000000000000000,Not Active,Not Active,Not Active,1,1,5,16,[N/A],[N/A],[N/A]
1784587197.4324,2385,2086,96,0,79,96.77,0x0000000000000000,Not Active,Not Active,Not Active,1,1,5,16,[N/A],[N/A],[N/A]
1784587197.533,2385,2086,96,0,79,96.77,0x0000000000000000,Not Active,Not Active,Not Active,1,1,5,16,[N/A],[N/A],[N/A]
1784587197.633,2385,2086,96,0,79,96.77,0x0000000000000000,Not Active,Not Active,Not Active,1,1,5,16,[N/A],[N/A],[N/A]
1784587197.7335,2385,2086,96,0,79,96.44,0x0000000000000004,Active,Not Active,Not Active,1,1,5,16,[N/A],[N/A],[N/A]
1784587197.8337,2385,2086,96,0,79,96.44,0x0000000000000004,Active,Not Active,Not Active,1,1,5,16,[N/A],[N/A],[N/A]
1784587197.9341,2385,2086,96,0,79,96.44,0x0000000000000004,Active,Not Active,Not Active,1,1,5,16,[N/A],[N/A],[N/A]
1784587198.0344,2385,2086,96,0,79,96.44,0x0000000000000004,Active,Not Active,Not Active,1,1,5,16,[N/A],[N/A],[N/A]
1784587198.1347,2385,2086,96,0,79,96.44,0x0000000000000004,Active,Not Active,Not Active,1,1,5,16,[N/A],[N/A],[N/A]
1784587198.2353,2385,2086,96,0,80,96.44,0x0000000000000000,Not Active,Not Active,Not Active,1,1,5,16,[N/A],[N/A],[N/A]
1784587198.3356,2385,2086,96,0,80,96.44,0x0000000000000000,Not Active,Not Active,Not Active,1,1,5,16,[N/A],[N/A],[N/A]
1784587198.4359,2385,2086,96,0,80,96.44,0x0000000000000000,Not Active,Not Active,Not Active,1,1,5,16,[N/A],[N/A],[N/A]
1784587198.5361,2385,2086,96,0,80,96.44,0x0000000000000000,Not Active,Not Active,Not Active,1,1,5,16,[N/A],[N/A],[N/A]
1784587198.6361,2385,2086,96,0,80,96.44,0x0000000000000000,Not Active,Not Active,Not Active,1,1,5,16,[N/A],[N/A],[N/A]
1784587198.7368,2385,2093,96,0,81,96.51,0x0000000000000004,Active,Not Active,Not Active,1,1,5,16,[N/A],[N/A],[N/A]
1784587198.8371,2385,2093,96,0,81,96.51,0x0000000000000004,Active,Not Active,Not Active,1,1,5,16,[N/A],[N/A],[N/A]
1784587198.9375,2385,2093,96,0,81,96.51,0x0000000000000004,Active,Not Active,Not Active,1,1,5,16,[N/A],[N/A],[N/A]
1784587199.0377,2385,2093,96,0,81,96.51,0x0000000000000004,Active,Not Active,Not Active,1,1,5,16,[N/A],[N/A],[N/A]
1784587199.1382,2385,2093,96,0,81,96.51,0x0000000000000004,Active,Not Active,Not Active,1,1,5,16,[N/A],[N/A],[N/A]
1784587199.2387,2392,2093,96,0,80,96.65,0x0000000000000000,Not Active,Not Active,Not Active,1,1,5,16,[N/A],[N/A],[N/A]
1784587199.3389,2392,2093,96,0,80,96.65,0x0000000000000000,Not Active,Not Active,Not Active,1,1,5,16,[N/A],[N/A],[N/A]
1784587199.4391,2392,2093,96,0,80,96.65,0x0000000000000000,Not Active,Not Active,Not Active,1,1,5,16,[N/A],[N/A],[N/A]
1784587199.5394,2392,2093,96,0,80,96.65,0x0000000000000000,Not Active,Not Active,Not Active,1,1,5,16,[N/A],[N/A],[N/A]
1784587199.6402,2392,2093,96,0,80,96.65,0x0000000000000000,Not Active,Not Active,Not Active,1,1,5,16,[N/A],[N/A],[N/A]
1784587199.7402,2385,2086,96,0,81,96.64,0x0000000000000004,Active,Not Active,Not Active,1,1,5,16,[N/A],[N/A],[N/A]
1784587199.8407,2385,2086,96,0,81,96.64,0x0000000000000004,Active,Not Active,Not Active,1,1,5,16,[N/A],[N/A],[N/A]
1784587199.9411,2385,2086,96,0,81,96.64,0x0000000000000004,Active,Not Active,Not Active,1,1,5,16,[N/A],[N/A],[N/A]
1784587200.0416,2385,2086,96,0,81,96.64,0x0000000000000004,Active,Not Active,Not Active,1,1,5,16,[N/A],[N/A],[N/A]
1784587200.1421,2385,2086,96,0,81,96.64,0x0000000000000004,Active,Not Active,Not Active,1,1,5,16,[N/A],[N/A],[N/A]
1784587200.2421,2392,2093,70,0,69,92.63,0x0000000000000004,Active,Not Active,Not Active,1,1,5,16,[N/A],[N/A],[N/A]
1784587200.3426,2392,2093,70,0,69,92.63,0x0000000000000004,Active,Not Active,Not Active,1,1,5,16,[N/A],[N/A],[N/A]
1784587200.4431,2392,2093,70,0,69,92.63,0x0000000000000004,Active,Not Active,Not Active,1,1,5,16,[N/A],[N/A],[N/A]
1784587200.5433,2392,2093,70,0,69,92.63,0x0000000000000004,Active,Not Active,Not Active,1,1,5,16,[N/A],[N/A],[N/A]
1784587200.644,2392,2093,70,0,69,92.63,0x0000000000000004,Active,Not Active,Not Active,1,1,5,16,[N/A],[N/A],[N/A]
1784587200.7445,2385,2067,96,0,80,87.72,0x0000000000000020,Not Active,Not Active,Not Active,1,1,5,16,[N/A],[N/A],[N/A]
1784587200.845,2385,2067,96,0,80,87.72,0x0000000000000020,Not Active,Not Active,Not Active,1,1,5,16,[N/A],[N/A],[N/A]
1784587200.9455,2385,2067,96,0,80,87.72,0x0000000000000020,Not Active,Not Active,Not Active,1,1,5,16,[N/A],[N/A],[N/A]
1784587201.0466,2385,2067,96,0,80,87.72,0x0000000000000020,Not Active,Not Active,Not Active,1,1,5,16,[N/A],[N/A],[N/A]
1784587201.1471,2385,2067,96,0,80,87.72,0x0000000000000020,Not Active,Not Active,Not Active,1,1,5,16,[N/A],[N/A],[N/A]
1784587201.2474,2385,2086,96,0,82,92.38,0x0000000000000004,Active,Not Active,Not Active,1,1,5,16,[N/A],[N/A],[N/A]
1784587201.3475,2385,2086,96,0,82,92.38,0x0000000000000004,Active,Not Active,Not Active,1,1,5,16,[N/A],[N/A],[N/A]
1784587201.448,2385,2086,96,0,82,92.38,0x0000000000000004,Active,Not Active,Not Active,1,1,5,16,[N/A],[N/A],[N/A]
1784587201.548,2385,2086,96,0,82,92.38,0x0000000000000004,Active,Not Active,Not Active,1,1,5,16,[N/A],[N/A],[N/A]
1784587201.6488,2385,2086,96,0,82,92.38,0x0000000000000004,Active,Not Active,Not Active,1,1,5,16,[N/A],[N/A],[N/A]
1784587201.749,2385,2086,96,0,81,97.69,0x0000000000000000,Not Active,Not Active,Not Active,1,1,5,16,[N/A],[N/A],[N/A]
1784587201.849,2385,2086,96,0,81,97.69,0x0000000000000000,Not Active,Not Active,Not Active,1,1,5,16,[N/A],[N/A],[N/A]
1784587201.9495,2385,2086,96,0,81,97.69,0x0000000000000000,Not Active,Not Active,Not Active,1,1,5,16,[N/A],[N/A],[N/A]
1784587202.0497,2385,2086,96,0,81,97.69,0x0000000000000000,Not Active,Not Active,Not Active,1,1,5,16,[N/A],[N/A],[N/A]
1784587202.1505,2385,2086,96,0,81,97.69,0x0000000000000000,Not Active,Not Active,Not Active,1,1,5,16,[N/A],[N/A],[N/A]
1784587202.2508,2379,2086,96,0,82,97.57,0x0000000000000004,Active,Not Active,Not Active,1,1,5,16,[N/A],[N/A],[N/A]
1784587202.3507,2379,2086,96,0,82,97.57,0x0000000000000004,Active,Not Active,Not Active,1,1,5,16,[N/A],[N/A],[N/A]
1784587202.4514,2379,2086,96,0,82,97.57,0x0000000000000004,Active,Not Active,Not Active,1,1,5,16,[N/A],[N/A],[N/A]
1784587202.5517,2379,2086,96,0,82,97.57,0x0000000000000004,Active,Not Active,Not Active,1,1,5,16,[N/A],[N/A],[N/A]
1784587202.6522,2379,2086,96,0,82,97.57,0x0000000000000004,Active,Not Active,Not Active,1,1,5,16,[N/A],[N/A],[N/A]
1784587202.7524,2392,2093,96,0,81,97.36,0x0000000000000000,Not Active,Not Active,Not Active,1,1,5,16,[N/A],[N/A],[N/A]
1784587202.8527,2392,2093,96,0,81,97.36,0x0000000000000000,Not Active,Not Active,Not Active,1,1,5,16,[N/A],[N/A],[N/A]
1784587202.9532,2392,2093,96,0,81,97.36,0x0000000000000000,Not Active,Not Active,Not Active,1,1,5,16,[N/A],[N/A],[N/A]
1784587203.0537,2392,2093,96,0,81,97.36,0x0000000000000000,Not Active,Not Active,Not Active,1,1,5,16,[N/A],[N/A],[N/A]
1784587203.1542,2392,2093,96,0,81,97.36,0x0000000000000000,Not Active,Not Active,Not Active,1,1,5,16,[N/A],[N/A],[N/A]
1784587203.2546,2385,2086,96,0,82,97.46,0x0000000000000004,Active,Not Active,Not Active,1,1,5,16,[N/A],[N/A],[N/A]
1784587203.3551,2385,2086,96,0,82,97.46,0x0000000000000004,Active,Not Active,Not Active,1,1,5,16,[N/A],[N/A],[N/A]
1784587203.4554,2385,2086,96,0,82,97.46,0x0000000000000004,Active,Not Active,Not Active,1,1,5,16,[N/A],[N/A],[N/A]
1784587203.5554,2385,2086,96,0,82,97.46,0x0000000000000004,Active,Not Active,Not Active,1,1,5,16,[N/A],[N/A],[N/A]
1784587203.6558,2385,2086,96,0,82,97.46,0x0000000000000004,Active,Not Active,Not Active,1,1,5,16,[N/A],[N/A],[N/A]
1784587203.7563,2385,2086,96,0,81,97.31,0x0000000000000000,Not Active,Not Active,Not Active,1,1,5,16,[N/A],[N/A],[N/A]
1784587203.8564,2385,2086,96,0,81,97.31,0x0000000000000000,Not Active,Not Active,Not Active,1,1,5,16,[N/A],[N/A],[N/A]
1784587203.9567,2385,2086,96,0,81,97.31,0x0000000000000000,Not Active,Not Active,Not Active,1,1,5,16,[N/A],[N/A],[N/A]
1784587204.0573,2385,2086,96,0,81,97.31,0x0000000000000000,Not Active,Not Active,Not Active,1,1,5,16,[N/A],[N/A],[N/A]
1784587204.1582,2385,2086,96,0,81,97.31,0x0000000000000000,Not Active,Not Active,Not Active,1,1,5,16,[N/A],[N/A],[N/A]
1784587204.2585,2385,2086,96,0,81,97.41,0x0000000000000004,Active,Not Active,Not Active,1,1,5,16,[N/A],[N/A],[N/A]
1784587204.359,2385,2086,96,0,81,97.41,0x0000000000000004,Active,Not Active,Not Active,1,1,5,16,[N/A],[N/A],[N/A]
1784587204.459,2385,2086,96,0,81,97.41,0x0000000000000004,Active,Not Active,Not Active,1,1,5,16,[N/A],[N/A],[N/A]
1784587204.5593,2385,2086,96,0,81,97.41,0x0000000000000004,Active,Not Active,Not Active,1,1,5,16,[N/A],[N/A],[N/A]
1784587204.6598,2385,2086,96,0,81,97.41,0x0000000000000004,Active,Not Active,Not Active,1,1,5,16,[N/A],[N/A],[N/A]
1784587204.7601,2385,2086,96,0,80,97.15,0x0000000000000000,Not Active,Not Active,Not Active,1,1,5,16,[N/A],[N/A],[N/A]
1784587204.8603,2385,2086,96,0,80,97.15,0x0000000000000000,Not Active,Not Active,Not Active,1,1,5,16,[N/A],[N/A],[N/A]
1784587204.9605,2385,2086,96,0,80,97.15,0x0000000000000000,Not Active,Not Active,Not Active,1,1,5,16,[N/A],[N/A],[N/A]
1784587205.0606,2385,2086,96,0,80,97.15,0x0000000000000000,Not Active,Not Active,Not Active,1,1,5,16,[N/A],[N/A],[N/A]
1784587205.1611,2385,2086,96,0,80,97.15,0x0000000000000000,Not Active,Not Active,Not Active,1,1,5,16,[N/A],[N/A],[N/A]
1784587205.2617,2385,2086,96,0,81,97.44,0x0000000000000004,Active,Not Active,Not Active,1,1,5,16,[N/A],[N/A],[N/A]
1784587205.3623,2385,2086,96,0,81,97.44,0x0000000000000004,Active,Not Active,Not Active,1,1,5,16,[N/A],[N/A],[N/A]
1784587205.4625,2385,2086,96,0,81,97.44,0x0000000000000004,Active,Not Active,Not Active,1,1,5,16,[N/A],[N/A],[N/A]
1784587205.5626,2385,2086,96,0,81,97.44,0x0000000000000004,Active,Not Active,Not Active,1,1,5,16,[N/A],[N/A],[N/A]
1784587205.6631,2385,2086,96,0,81,97.44,0x0000000000000004,Active,Not Active,Not Active,1,1,5,16,[N/A],[N/A],[N/A]
1784587205.7631,2385,2086,96,0,77,97.23,0x0000000000000000,Not Active,Not Active,Not Active,1,1,5,16,[N/A],[N/A],[N/A]
1784587205.8635,2385,2086,96,0,77,97.23,0x0000000000000000,Not Active,Not Active,Not Active,1,1,5,16,[N/A],[N/A],[N/A]
1784587205.964,2385,2086,96,0,77,97.23,0x0000000000000000,Not Active,Not Active,Not Active,1,1,5,16,[N/A],[N/A],[N/A]
1784587206.0639,2385,2086,96,0,77,97.23,0x0000000000000000,Not Active,Not Active,Not Active,1,1,5,16,[N/A],[N/A],[N/A]
1784587206.1645,2385,2086,96,0,77,97.23,0x0000000000000000,Not Active,Not Active,Not Active,1,1,5,16,[N/A],[N/A],[N/A]
1784587206.2647,2392,2086,96,0,81,97.25,0x0000000000000000,Not Active,Not Active,Not Active,1,1,5,16,[N/A],[N/A],[N/A]
1784587206.3654,2392,2086,96,0,81,97.25,0x0000000000000000,Not Active,Not Active,Not Active,1,1,5,16,[N/A],[N/A],[N/A]
1784587206.4655,2392,2086,96,0,81,97.25,0x0000000000000000,Not Active,Not Active,Not Active,1,1,5,16,[N/A],[N/A],[N/A]
1784587206.5658,2392,2086,96,0,81,97.25,0x0000000000000000,Not Active,Not Active,Not Active,1,1,5,16,[N/A],[N/A],[N/A]
1784587206.6658,2392,2086,96,0,81,97.25,0x0000000000000000,Not Active,Not Active,Not Active,1,1,5,16,[N/A],[N/A],[N/A]
1784587206.7665,2385,2086,96,0,77,97.36,0x0000000000000000,Not Active,Not Active,Not Active,1,1,5,16,[N/A],[N/A],[N/A]
1784587206.8663,2385,2086,96,0,77,97.36,0x0000000000000000,Not Active,Not Active,Not Active,1,1,5,16,[N/A],[N/A],[N/A]
1784587206.9666,2385,2086,96,0,77,97.36,0x0000000000000000,Not Active,Not Active,Not Active,1,1,5,16,[N/A],[N/A],[N/A]
1784587207.0669,2385,2086,96,0,77,97.36,0x0000000000000000,Not Active,Not Active,Not Active,1,1,5,16,[N/A],[N/A],[N/A]
1784587207.1672,2385,2086,96,0,77,97.36,0x0000000000000000,Not Active,Not Active,Not Active,1,1,5,16,[N/A],[N/A],[N/A]
1784587207.2675,2385,2093,96,0,81,97.12,0x0000000000000000,Not Active,Not Active,Not Active,1,1,5,16,[N/A],[N/A],[N/A]
1784587207.3677,2385,2093,96,0,81,97.12,0x0000000000000000,Not Active,Not Active,Not Active,1,1,5,16,[N/A],[N/A],[N/A]
1784587207.4682,2385,2093,96,0,81,97.12,0x0000000000000000,Not Active,Not Active,Not Active,1,1,5,16,[N/A],[N/A],[N/A]
1784587207.5684,2385,2093,96,0,81,97.12,0x0000000000000000,Not Active,Not Active,Not Active,1,1,5,16,[N/A],[N/A],[N/A]
1784587207.6687,2385,2093,96,0,81,97.12,0x0000000000000000,Not Active,Not Active,Not Active,1,1,5,16,[N/A],[N/A],[N/A]
1784587207.7694,2385,2086,96,0,78,96.71,0x0000000000000000,Not Active,Not Active,Not Active,1,1,5,16,[N/A],[N/A],[N/A]
1784587207.8697,2385,2086,96,0,78,96.71,0x0000000000000000,Not Active,Not Active,Not Active,1,1,5,16,[N/A],[N/A],[N/A]
1784587207.97,2385,2086,96,0,78,96.71,0x0000000000000000,Not Active,Not Active,Not Active,1,1,5,16,[N/A],[N/A],[N/A]
1784587208.0703,2385,2086,96,0,78,96.71,0x0000000000000000,Not Active,Not Active,Not Active,1,1,5,16,[N/A],[N/A],[N/A]
1784587208.1711,2385,2086,96,0,78,96.71,0x0000000000000000,Not Active,Not Active,Not Active,1,1,5,16,[N/A],[N/A],[N/A]
1784587208.2713,2392,2086,96,0,81,96.23,0x0000000000000000,Not Active,Not Active,Not Active,1,1,5,16,[N/A],[N/A],[N/A]
1784587208.3715,2392,2086,96,0,81,96.23,0x0000000000000000,Not Active,Not Active,Not Active,1,1,5,16,[N/A],[N/A],[N/A]
1784587208.4719,2392,2086,96,0,81,96.23,0x0000000000000000,Not Active,Not Active,Not Active,1,1,5,16,[N/A],[N/A],[N/A]
1784587208.5724,2392,2086,96,0,81,96.23,0x0000000000000000,Not Active,Not Active,Not Active,1,1,5,16,[N/A],[N/A],[N/A]
1784587208.6729,2392,2086,96,0,81,96.23,0x0000000000000000,Not Active,Not Active,Not Active,1,1,5,16,[N/A],[N/A],[N/A]
1784587208.7729,2392,2086,96,0,78,96.33,0x0000000000000000,Not Active,Not Active,Not Active,1,1,5,16,[N/A],[N/A],[N/A]
1784587208.8734,2392,2086,96,0,78,96.33,0x0000000000000000,Not Active,Not Active,Not Active,1,1,5,16,[N/A],[N/A],[N/A]
1784587208.9734,2392,2086,96,0,78,96.33,0x0000000000000000,Not Active,Not Active,Not Active,1,1,5,16,[N/A],[N/A],[N/A]
1784587209.0737,2392,2086,96,0,78,96.33,0x0000000000000000,Not Active,Not Active,Not Active,1,1,5,16,[N/A],[N/A],[N/A]
1784587209.1742,2392,2086,96,0,78,96.33,0x0000000000000000,Not Active,Not Active,Not Active,1,1,5,16,[N/A],[N/A],[N/A]
1784587209.2741,2392,2086,96,0,81,96.17,0x0000000000000000,Not Active,Not Active,Not Active,1,1,5,16,[N/A],[N/A],[N/A]
1784587209.3747,2392,2086,96,0,81,96.17,0x0000000000000000,Not Active,Not Active,Not Active,1,1,5,16,[N/A],[N/A],[N/A]
1784587209.4749,2392,2086,96,0,81,96.17,0x0000000000000000,Not Active,Not Active,Not Active,1,1,5,16,[N/A],[N/A],[N/A]
1784587209.5756,2392,2086,96,0,81,96.17,0x0000000000000000,Not Active,Not Active,Not Active,1,1,5,16,[N/A],[N/A],[N/A]
1784587209.6764,2392,2086,96,0,81,96.17,0x0000000000000000,Not Active,Not Active,Not Active,1,1,5,16,[N/A],[N/A],[N/A]
1784587209.7764,2392,2086,96,0,78,96.30,0x0000000000000000,Not Active,Not Active,Not Active,1,1,5,16,[N/A],[N/A],[N/A]
1784587209.8767,2392,2086,96,0,78,96.30,0x0000000000000000,Not Active,Not Active,Not Active,1,1,5,16,[N/A],[N/A],[N/A]
1784587209.9772,2392,2086,96,0,78,96.30,0x0000000000000000,Not Active,Not Active,Not Active,1,1,5,16,[N/A],[N/A],[N/A]
1784587210.0771,2392,2086,96,0,78,96.30,0x0000000000000000,Not Active,Not Active,Not Active,1,1,5,16,[N/A],[N/A],[N/A]
1784587210.1773,2392,2086,96,0,78,96.30,0x0000000000000000,Not Active,Not Active,Not Active,1,1,5,16,[N/A],[N/A],[N/A]
1784587210.2778,2411,2112,96,0,81,87.62,0x0000000000000000,Not Active,Not Active,Not Active,1,1,5,16,[N/A],[N/A],[N/A]
1784587210.3781,2411,2112,96,0,81,87.62,0x0000000000000000,Not Active,Not Active,Not Active,1,1,5,16,[N/A],[N/A],[N/A]
1784587210.4786,2411,2112,96,0,81,87.62,0x0000000000000000,Not Active,Not Active,Not Active,1,1,5,16,[N/A],[N/A],[N/A]
1784587210.5786,2411,2112,96,0,81,87.62,0x0000000000000000,Not Active,Not Active,Not Active,1,1,5,16,[N/A],[N/A],[N/A]
1784587210.6792,2411,2112,96,0,81,87.62,0x0000000000000000,Not Active,Not Active,Not Active,1,1,5,16,[N/A],[N/A],[N/A]
1784587210.7796,2392,2086,96,0,76,88.97,0x0000000000000000,Not Active,Not Active,Not Active,1,1,5,16,[N/A],[N/A],[N/A]
1784587210.8796,2392,2086,96,0,76,88.97,0x0000000000000000,Not Active,Not Active,Not Active,1,1,5,16,[N/A],[N/A],[N/A]
1784587210.9802,2392,2086,96,0,76,88.97,0x0000000000000000,Not Active,Not Active,Not Active,1,1,5,16,[N/A],[N/A],[N/A]
1784587211.0805,2392,2086,96,0,76,88.97,0x0000000000000000,Not Active,Not Active,Not Active,1,1,5,16,[N/A],[N/A],[N/A]
1784587211.1809,2392,2086,96,0,76,88.97,0x0000000000000000,Not Active,Not Active,Not Active,1,1,5,16,[N/A],[N/A],[N/A]
1784587211.2814,2392,2093,96,0,80,97.56,0x0000000000000000,Not Active,Not Active,Not Active,1,1,5,16,[N/A],[N/A],[N/A]
1784587211.3816,2392,2093,96,0,80,97.56,0x0000000000000000,Not Active,Not Active,Not Active,1,1,5,16,[N/A],[N/A],[N/A]
1784587211.4822,2392,2093,96,0,80,97.56,0x0000000000000000,Not Active,Not Active,Not Active,1,1,5,16,[N/A],[N/A],[N/A]
1784587211.5823,2392,2093,96,0,80,97.56,0x0000000000000000,Not Active,Not Active,Not Active,1,1,5,16,[N/A],[N/A],[N/A]
1784587211.6832,2392,2093,96,0,80,97.56,0x0000000000000000,Not Active,Not Active,Not Active,1,1,5,16,[N/A],[N/A],[N/A]
1784587211.7836,2385,2086,96,0,75,97.70,0x0000000000000004,Active,Not Active,Not Active,1,1,5,16,[N/A],[N/A],[N/A]
1784587211.8841,2385,2086,96,0,75,97.70,0x0000000000000004,Active,Not Active,Not Active,1,1,5,16,[N/A],[N/A],[N/A]
1784587211.9845,2385,2086,96,0,75,97.70,0x0000000000000004,Active,Not Active,Not Active,1,1,5,16,[N/A],[N/A],[N/A]
1784587212.0847,2385,2086,96,0,75,97.70,0x0000000000000004,Active,Not Active,Not Active,1,1,5,16,[N/A],[N/A],[N/A]
1784587212.1854,2385,2086,96,0,75,97.70,0x0000000000000004,Active,Not Active,Not Active,1,1,5,16,[N/A],[N/A],[N/A]
1784587212.2862,2392,2093,96,0,80,97.79,0x0000000000000000,Not Active,Not Active,Not Active,1,1,5,16,[N/A],[N/A],[N/A]
1784587212.3864,2392,2093,96,0,80,97.79,0x0000000000000000,Not Active,Not Active,Not Active,1,1,5,16,[N/A],[N/A],[N/A]
1784587212.4866,2392,2093,96,0,80,97.79,0x0000000000000000,Not Active,Not Active,Not Active,1,1,5,16,[N/A],[N/A],[N/A]
1784587212.587,2392,2093,96,0,80,97.79,0x0000000000000000,Not Active,Not Active,Not Active,1,1,5,16,[N/A],[N/A],[N/A]
1784587212.6873,2392,2093,96,0,80,97.79,0x0000000000000000,Not Active,Not Active,Not Active,1,1,5,16,[N/A],[N/A],[N/A]
1784587212.7881,2385,2086,96,0,82,97.54,0x0000000000000004,Active,Not Active,Not Active,1,1,5,16,[N/A],[N/A],[N/A]
1784587212.8884,2385,2086,96,0,82,97.54,0x0000000000000004,Active,Not Active,Not Active,1,1,5,16,[N/A],[N/A],[N/A]
1784587212.9884,2385,2086,96,0,82,97.54,0x0000000000000004,Active,Not Active,Not Active,1,1,5,16,[N/A],[N/A],[N/A]
1784587213.0886,2385,2086,96,0,82,97.54,0x0000000000000004,Active,Not Active,Not Active,1,1,5,16,[N/A],[N/A],[N/A]
1784587213.1889,2385,2086,96,0,82,97.54,0x0000000000000004,Active,Not Active,Not Active,1,1,5,16,[N/A],[N/A],[N/A]
1784587213.2894,2392,2093,96,0,80,97.59,0x0000000000000000,Not Active,Not Active,Not Active,1,1,5,16,[N/A],[N/A],[N/A]
1784587213.3897,2392,2093,96,0,80,97.59,0x0000000000000000,Not Active,Not Active,Not Active,1,1,5,16,[N/A],[N/A],[N/A]
1784587213.4901,2392,2093,96,0,80,97.59,0x0000000000000000,Not Active,Not Active,Not Active,1,1,5,16,[N/A],[N/A],[N/A]
1784587213.5902,2392,2093,96,0,80,97.59,0x0000000000000000,Not Active,Not Active,Not Active,1,1,5,16,[N/A],[N/A],[N/A]
1784587213.6904,2392,2093,96,0,80,97.59,0x0000000000000000,Not Active,Not Active,Not Active,1,1,5,16,[N/A],[N/A],[N/A]
1784587213.791,2392,2086,96,0,82,97.40,0x0000000000000004,Active,Not Active,Not Active,1,1,5,16,[N/A],[N/A],[N/A]
1784587213.891,2392,2086,96,0,82,97.40,0x0000000000000004,Active,Not Active,Not Active,1,1,5,16,[N/A],[N/A],[N/A]
1784587213.9911,2392,2086,96,0,82,97.40,0x0000000000000004,Active,Not Active,Not Active,1,1,5,16,[N/A],[N/A],[N/A]
1784587214.0914,2392,2086,96,0,82,97.40,0x0000000000000004,Active,Not Active,Not Active,1,1,5,16,[N/A],[N/A],[N/A]
1784587214.1919,2392,2086,96,0,82,97.40,0x0000000000000004,Active,Not Active,Not Active,1,1,5,16,[N/A],[N/A],[N/A]
1784587214.2927,2392,2086,96,0,81,97.69,0x0000000000000000,Not Active,Not Active,Not Active,1,1,5,16,[N/A],[N/A],[N/A]
1784587214.3925,2392,2086,96,0,81,97.69,0x0000000000000000,Not Active,Not Active,Not Active,1,1,5,16,[N/A],[N/A],[N/A]
